,Time,Open,High,Low,Close,Adj Close,Volume
0,1999-03-08,51.125,51.734375,49.65625,50.0625,42.694576263427734,23664200
1,1999-03-15,50.4375,53.25,49.90625,51.21875,43.680667877197266,27248600
2,1999-03-22,51.4375,52.46875,48.5,51.75,44.13370895385742,40824200
3,1999-03-29,52.375,54.1875,52.0625,53.5625,45.679473876953125,27026800
4,1999-04-05,54.4296875,56.25,53.8125,55.8125,47.59831619262695,38042400
5,1999-04-12,54.5,55.90625,51.125,51.96875,44.32025146484375,77074600
6,1999-04-19,52.3125,55.71875,48.84375,55.3125,47.17192840576172,68509600
7,1999-04-26,55.6875,57.28125,51.8125,53.71875,45.812713623046875,64024000
8,1999-05-03,53.5625,54.375,51.03125,52.96875,45.173099517822266,70784600
9,1999-05-10,53.3125,56.0,52.6875,53.40625,45.54623794555664,53981800
10,1999-05-17,52.9375,54.9921875,52.4140625,52.875,45.093143463134766,44116000
11,1999-05-24,52.96875,53.0625,48.9375,52.03125,44.37355422973633,90417600
12,1999-05-31,51.9375,52.7421875,49.5703125,52.5625,44.82664489746094,43091800
13,1999-06-07,52.9296875,54.03125,51.3125,51.78125,44.160362243652344,53971000
14,1999-06-14,51.96875,55.21875,50.6875,55.0625,46.95870590209961,60015800
15,1999-06-21,55.4375,57.09375,54.1875,54.6875,46.6389045715332,54659400
16,1999-06-28,55.15625,59.9375,54.703125,58.75,50.10350036621094,46258800
17,1999-07-05,59.0625,59.90625,57.9375,59.84375,51.036277770996094,34746600
18,1999-07-12,60.0625,61.71875,58.78125,61.375,52.3421630859375,32409200
19,1999-07-19,61.625,61.625,56.6875,57.28125,48.85091018676758,59914200
20,1999-07-26,56.5,58.4375,55.78125,56.59375,48.26459884643555,58595800
21,1999-08-02,56.6875,57.8125,53.75,55.328125,47.18522644042969,66962400
22,1999-08-09,55.53125,57.71875,52.9375,57.65625,49.17071533203125,64909600
23,1999-08-16,57.625,58.84375,56.6953125,57.96875,49.43724060058594,46992800
24,1999-08-23,58.5,61.75,58.3671875,59.875,51.06291580200195,54283800
25,1999-08-30,60.125,62.6796875,58.125,62.65625,53.434852600097656,64262600
26,1999-09-06,62.53125,63.7421875,61.03125,63.125,53.834590911865234,46241000
27,1999-09-13,63.0625,63.4921875,60.1953125,63.3125,53.99452209472656,63236800
28,1999-09-20,63.5,63.75,58.625,60.078125,51.23616409301758,74231600
29,1999-09-27,60.9375,61.375,58.75,60.2109375,51.34942626953125,85999400
30,1999-10-04,60.53125,63.9375,60.1875,63.7578125,54.3742790222168,95595600
31,1999-10-11,63.9375,64.953125,59.5078125,59.875,51.06291580200195,111602800
32,1999-10-18,59.9375,63.25,57.4140625,61.96875,52.848541259765625,112902600
33,1999-10-25,61.6875,66.25,60.4453125,65.75,56.073280334472656,75726800
34,1999-11-01,65.75,69.21875,65.1953125,68.1875,58.152042388916016,76452400
35,1999-11-08,68.4375,72.25,68.21875,72.1875,61.56333541870117,89229600
36,1999-11-15,72.25,75.90625,71.6875,75.78125,64.62818145751953,87397200
37,1999-11-22,75.9375,78.78125,74.25,77.6875,66.25389099121094,69552400
38,1999-11-29,77.53125,80.1875,73.5,79.125,67.47979736328125,106067200
39,1999-12-06,79.4296875,80.5,77.25,79.90625,68.14605712890625,107852200
40,1999-12-13,79.6328125,84.875,77.9375,83.78125,71.45077514648438,126878600
41,1999-12-20,84.40625,90.75,83.6875,90.21875,76.94083404541016,81253000
42,1999-12-27,90.3125,93.75,87.90625,91.375,77.92691802978516,87492200
43,2000-01-03,96.1875,96.1875,79.75,90.0,76.75428771972656,177901400
44,2000-01-10,91.0,93.9375,86.0,93.375,79.63259887695312,138336000
45,2000-01-17,92.0625,96.875,91.4375,96.25,82.08447265625,80414600
46,2000-01-24,97.4375,97.625,84.75,86.0,73.34300231933594,150765200
47,2000-01-31,85.875,98.2421875,83.5,97.15625,82.85731506347656,145821200
48,2000-02-07,97.25,102.875,96.25,99.875,85.17591094970703,118236200
49,2000-02-14,99.9921875,103.25,95.875,98.4375,83.95001220703125,134049400
50,2000-02-21,99.0,107.5,96.25,104.0625,88.74710845947266,150882800
51,2000-02-28,103.25,111.125,100.5,111.0625,94.71695709228516,151419600
52,2000-03-06,111.75,116.4375,106.28125,114.5,97.6485366821289,166104000
53,2000-03-13,110.0,114.125,101.0,110.8125,94.50374603271484,214558200
54,2000-03-20,111.0,120.5,103.5625,117.5625,100.26026153564453,120262900
55,2000-03-27,118.0,119.5,103.5,109.5,93.38439178466797,130957000
56,2000-04-03,107.765625,109.125,88.3125,106.625,90.93251037597656,186541200
57,2000-04-10,107.625,107.6875,78.0,80.375,68.54582977294922,203491500
58,2000-04-17,78.015625,93.625,78.0,87.25,74.4090347290039,140997500
59,2000-04-24,83.4375,94.75,79.875,94.75,80.8051986694336,147381200
60,2000-05-01,95.75,96.875,85.515625,91.4375,77.980224609375,108425200
61,2000-05-08,90.5,90.75,79.5,84.625,72.17034912109375,111118000
62,2000-05-15,84.8125,91.5,81.3125,81.6875,69.6651611328125,109290100
63,2000-05-22,81.625,82.625,72.25,77.75,66.30717468261719,173090200
64,2000-05-29,80.0,93.9375,80.0,93.625,79.84579467773438,121936500
65,2000-06-05,92.25,95.3125,89.5625,93.75,79.95238494873047,105837600
66,2000-06-12,94.3125,95.3125,89.359375,94.25,80.37879943847656,101958300
67,2000-06-19,94.015625,99.71875,91.375,91.5,78.03352355957031,108326200
68,2000-06-26,93.0625,95.5,90.625,93.4375,79.68592071533203,92723900
69,2000-07-03,93.5,97.0,90.0625,95.9375,81.81796264648438,61898900
70,2000-07-10,94.6875,101.125,92.8125,100.625,85.81556701660156,82072700
71,2000-07-17,100.9375,102.0625,95.65625,97.0,82.72409057617188,89585600
72,2000-07-24,97.9375,99.0,86.0,86.875,74.08920288085938,120591000
73,2000-07-31,87.625,92.765625,83.3125,90.125,76.86089324951172,125098000
74,2000-08-07,90.875,94.4375,87.875,91.0625,77.6604232788086,84972200
75,2000-08-14,91.375,96.625,90.203125,95.25,81.23162078857422,71074000
76,2000-08-21,96.0,99.953125,93.828125,98.03125,83.60354614257812,75167100
77,2000-08-28,98.25,103.515625,97.765625,102.625,87.52120971679688,63682900
78,2000-09-04,101.625,101.75,94.765625,95.125,81.1250228881836,77458100
79,2000-09-11,94.5,96.125,90.0,91.3125,77.87358856201172,139221100
80,2000-09-18,91.8125,95.234375,87.0,92.9375,79.25940704345703,148651900
81,2000-09-25,93.625,94.25,88.0,88.75,75.68824768066406,131303700
82,2000-10-02,90.25,90.25,81.25,83.0,70.78449249267578,158150400
83,2000-10-09,82.5625,83.8125,74.40625,81.25,69.29206848144531,208214200
84,2000-10-16,81.125,87.875,74.5625,86.3125,73.60948181152344,229071800
85,2000-10-23,86.1875,87.5,73.625,79.71875,67.98616790771484,230128500
86,2000-10-30,78.1875,83.9375,75.703125,83.0625,70.83782196044922,180978300
87,2000-11-06,83.625,84.125,71.75,71.75,61.19024658203125,202349800
88,2000-11-13,70.953125,78.0625,68.265625,72.828125,62.109703063964844,241426300
89,2000-11-20,70.9375,72.0625,66.5,70.4375,60.07090377807617,165602500
90,2000-11-27,72.5625,72.9375,60.5,64.0,54.58083724975586,282323700
91,2000-12-04,64.125,73.5,61.75,68.0,57.99213409423828,296328200
92,2000-12-11,72.0625,74.78125,62.5625,63.875,54.47422409057617,235134700
93,2000-12-18,65.15625,65.96875,54.25,60.5,51.5959358215332,347986900
94,2000-12-25,60.59375,62.484375,58.0,58.375,49.78368377685547,151226200
95,2001-01-01,58.5625,65.25,52.15625,56.625,48.291255950927734,307937200
96,2001-01-08,56.3125,64.625,53.515625,62.734375,53.501487731933594,309399300
97,2001-01-15,62.5625,68.3125,60.5625,66.3125,56.55299758911133,204819300
98,2001-01-22,65.875,69.125,63.0,65.546875,55.90005111694336,242375300
99,2001-01-29,64.75,67.98999786376953,60.0,61.54999923706055,52.49141311645508,225889200
100,2001-02-05,61.189998626708984,63.119998931884766,56.0,56.400001525878906,48.09934997558594,244060900
101,2001-02-12,56.25,60.4900016784668,54.119998931884766,55.130001068115234,47.01627731323242,307083600
102,2001-02-19,55.7400016784668,55.84000015258789,48.22999954223633,51.18000030517578,43.647605895996094,324840800
103,2001-02-26,52.08000183105469,52.599998474121094,45.650001525878906,46.70000076293945,39.826961517333984,444972400
104,2001-03-05,47.5,50.65999984741211,44.95000076293945,45.099998474121094,38.462425231933594,288888600
105,2001-03-12,44.0,45.310001373291016,40.560001373291016,41.20000076293945,35.136409759521484,409808400
106,2001-03-19,41.439998626708984,43.83000183105469,39.4900016784668,42.79999923706055,36.50093078613281,479730700
107,2001-03-26,43.470001220703125,43.720001220703125,38.0,39.150001525878906,33.38813781738281,348791000
108,2001-04-02,39.16999816894531,39.849998474121094,33.599998474121094,35.95000076293945,30.65908432006836,408362600
109,2001-04-09,36.790000915527344,42.79999923706055,35.849998474121094,42.79999923706055,36.50093078613281,318264800
110,2001-04-16,41.939998626708984,49.439998626708984,39.900001525878906,48.400001525878906,41.27674865722656,479881200
111,2001-04-23,46.9900016784668,47.720001220703125,43.099998474121094,45.150001525878906,38.50505447387695,363314500
112,2001-04-30,46.25,49.400001525878906,45.11000061035156,48.20000076293945,41.1062126159668,345722200
113,2001-05-07,48.0,48.599998474121094,45.09000015258789,45.54999923706055,38.84620666503906,273407600
114,2001-05-14,45.29999923706055,48.790000915527344,43.349998474121094,48.040000915527344,40.96974182128906,307131900
115,2001-05-21,48.16999816894531,51.95000076293945,47.650001525878906,48.9900016784668,41.77993392944336,326262400
116,2001-05-28,48.5,48.5,44.08000183105469,46.04999923706055,39.27262878417969,277899600
117,2001-06-04,46.33000183105469,49.4900016784668,45.290000915527344,47.349998474121094,40.381282806396484,292803500
118,2001-06-11,46.900001525878906,47.0,41.279998779296875,42.599998474121094,36.330352783203125,371435000
119,2001-06-18,42.63999938964844,44.22999954223633,41.2599983215332,43.25,36.88470458984375,339597600
120,2001-06-25,43.61000061035156,46.52000045776367,42.47999954223633,45.70000076293945,38.97413635253906,297339900
121,2001-07-02,45.650001525878906,46.47999954223633,41.4900016784668,41.650001525878906,35.52018356323242,173487300
122,2001-07-09,41.88999938964844,44.43000030517578,39.869998931884766,43.150001525878906,36.79941940307617,314845200
123,2001-07-16,43.369998931884766,43.86000061035156,41.13999938964844,41.650001525878906,35.52018356323242,303604000
124,2001-07-23,42.2400016784668,42.400001525878906,39.310001373291016,41.95000076293945,35.776031494140625,311264100
125,2001-07-30,42.130001068115234,44.0,41.400001525878906,43.18000030517578,36.82499694824219,253757700
126,2001-08-06,42.529998779296875,42.849998474121094,39.22999954223633,40.279998779296875,34.351802825927734,280911700
127,2001-08-13,40.59000015258789,41.70000076293945,37.709999084472656,37.7599983215332,32.20268249511719,283505200
128,2001-08-20,37.849998474121094,39.38999938964844,36.540000915527344,39.29999923706055,33.51603317260742,284750700
129,2001-08-27,39.279998779296875,39.900001525878906,35.75,36.630001068115234,31.239009857177734,305678300
130,2001-09-03,36.5099983215332,37.5,33.349998474121094,33.70000076293945,28.74021339416504,353765400
131,2001-09-10,33.4900016784668,34.31999969482422,33.34000015258789,34.099998474121094,29.08134651184082,80371300
132,2001-09-17,31.25,32.79999923706055,27.200000762939453,28.190000534057617,24.041149139404297,483801100
133,2001-09-24,29.079999923706055,30.43000030517578,27.420000076293945,28.979999542236328,24.714887619018555,384178400
134,2001-10-01,28.850000381469727,33.20000076293945,27.850000381469727,31.760000228881836,27.08573341369629,487607700
135,2001-10-08,31.1299991607666,35.25,30.75,34.54999923706055,29.465120315551758,428328800
136,2001-10-15,34.119998931884766,36.0,32.0,33.54999923706055,28.612293243408203,469081500
137,2001-10-22,33.439998626708984,37.060001373291016,33.220001220703125,36.0099983215332,30.710254669189453,480714300
138,2001-10-29,36.0,36.150001525878906,32.84000015258789,35.599998474121094,30.360586166381836,452048200
139,2001-11-05,36.2599983215332,39.400001525878906,36.15999984741211,37.72999954223633,32.177101135253906,444288200
140,2001-11-12,37.0,40.2400016784668,36.29999923706055,39.369998931884766,33.57574462890625,449971500
141,2001-11-19,39.790000915527344,40.4900016784668,37.97999954223633,39.279998779296875,33.49897766113281,242286700
142,2001-11-26,39.58000183105469,40.970001220703125,38.689998626708984,39.650001525878906,33.814537048339844,426918300
143,2001-12-03,39.290000915527344,43.2400016784668,38.439998626708984,41.72999954223633,35.58840560913086,414936900
144,2001-12-10,41.31999969482422,42.2599983215332,39.56999969482422,40.11000061035156,34.20684051513672,360826800
145,2001-12-17,40.02000045776367,41.5,38.68000030517578,39.47999954223633,33.6695442199707,331995900
146,2001-12-24,39.540000915527344,40.79999923706055,39.150001525878906,40.33000183105469,34.394466400146484,123828900
147,2001-12-31,40.310001373291016,42.290000915527344,38.90999984741211,41.66999816894531,35.5372428894043,280531700
148,2002-01-07,42.11000061035156,42.599998474121094,40.11000061035156,40.849998474121094,34.83791732788086,363626900
149,2002-01-14,40.4900016784668,40.75,38.220001220703125,38.59000015258789,32.9105339050293,386440300
150,2002-01-21,39.0,39.5099983215332,37.33000183105469,38.83000183105469,33.11520767211914,292825900
151,2002-01-28,39.150001525878906,39.400001525878906,36.849998474121094,38.13999938964844,32.52676010131836,363383800
152,2002-02-04,37.959999084472656,38.06999969482422,34.970001220703125,36.16999816894531,30.84669303894043,446333700
153,2002-02-11,36.13999938964844,37.56999969482422,35.63999938964844,35.779998779296875,30.51408576965332,327305800
154,2002-02-18,35.369998931884766,35.459999084472656,33.09000015258789,33.650001525878906,28.69757843017578,388121900
155,2002-02-25,34.0,35.75,33.75,35.7400016784668,30.47998046875,460630100
156,2002-03-04,35.70000076293945,39.029998779296875,35.400001525878906,38.66999816894531,32.978763580322266,454070300
157,2002-03-11,38.349998474121094,39.189998626708984,36.59000015258789,37.22999954223633,31.750690460205078,359730500
158,2002-03-18,37.630001068115234,37.939998626708984,35.900001525878906,36.68000030517578,31.281654357910156,347831300
159,2002-03-25,36.689998626708984,36.900001525878906,35.400001525878906,36.060001373291016,30.752864837646484,303950600
160,2002-04-01,35.79999923706055,36.900001525878906,34.18000030517578,34.369998931884766,29.311616897583008,393204200
161,2002-04-08,33.470001220703125,34.97999954223633,32.880001068115234,33.52000045776367,28.586698532104492,410635300
162,2002-04-15,33.79999923706055,35.5,33.20000076293945,34.459999084472656,29.388357162475586,363874500
163,2002-04-22,34.0099983215332,34.0099983215332,31.010000228881836,31.040000915527344,26.471702575683594,409916900
164,2002-04-29,31.239999771118164,32.189998626708984,29.479999542236328,29.739999771118164,25.363027572631836,468615800
165,2002-05-06,29.6299991607666,31.889999389648438,28.420000076293945,29.559999465942383,25.20952606201172,546947100
166,2002-05-13,29.8700008392334,33.630001068115234,29.670000076293945,32.93000030517578,28.083539962768555,524389300
167,2002-05-20,32.599998474121094,32.70000076293945,30.40999984741211,31.239999771118164,26.642276763916016,422187700
168,2002-05-27,31.469999313354492,31.520000457763672,29.899999618530273,30.040000915527344,25.618879318237305,314287500
169,2002-06-03,30.0,30.25,27.520000457763672,28.299999237060547,24.134958267211914,467935900
170,2002-06-10,28.360000610351562,28.75,26.200000762939453,27.6200008392334,23.555042266845703,530389900
171,2002-06-17,28.0,29.149999618530273,25.649999618530273,25.81999969482422,22.019960403442383,550307400
172,2002-06-24,25.450000762939453,26.799999237060547,24.389999389648438,26.100000381469727,22.258739471435547,714301900
173,2002-07-01,25.969999313354492,26.389999389648438,23.09000015258789,26.34000015258789,22.463428497314453,334218800
174,2002-07-08,26.200000762939453,26.549999237060547,23.530000686645508,24.799999237060547,21.15007209777832,603992300
175,2002-07-15,24.68000030517578,26.440000534057617,23.75,23.989999771118164,20.459285736083984,684612300
176,2002-07-22,23.850000381469727,24.5,21.639999389648438,22.670000076293945,19.33355712890625,737264900
177,2002-07-29,23.270000457763672,24.690000534057617,21.81999969482422,22.25,18.975372314453125,479816500
178,2002-08-05,22.110000610351562,23.709999084472656,21.299999237060547,23.329999923706055,19.896419525146484,531214300
179,2002-08-12,23.049999237060547,25.0,22.469999313354492,24.700000762939453,21.064786911010742,470079600
180,2002-08-19,24.770000457763672,26.209999084472656,24.68000030517578,25.149999618530273,21.448556900024414,422919400
181,2002-08-26,25.299999237060547,25.510000228881836,23.020000457763672,23.489999771118164,20.032873153686523,447741200
182,2002-09-02,23.059999465942383,23.43000030517578,21.93000030517578,22.850000381469727,19.48706817626953,342131100
183,2002-09-09,22.670000076293945,24.350000381469727,22.389999389648438,22.989999771118164,19.606462478637695,371677700
184,2002-09-16,22.860000610351562,23.209999084472656,21.479999542236328,21.670000076293945,18.48072052001953,404716200
185,2002-09-23,21.450000762939453,22.329999923706055,20.649999618530273,21.309999465942383,18.173717498779297,459019900
186,2002-09-30,21.06999969482422,21.989999771118164,20.110000610351562,20.350000381469727,17.354995727539062,444620100
187,2002-10-07,20.260000228881836,22.3799991607666,19.760000228881836,22.219999313354492,18.949783325195312,511653800
188,2002-10-14,21.8700008392334,23.850000381469727,21.780000686645508,23.809999465942383,20.305768966674805,475204600
189,2002-10-21,23.520000457763672,24.860000610351562,23.299999237060547,24.700000762939453,21.064786911010742,423584100
190,2002-10-28,25.0,25.399999618530273,23.3700008392334,25.25,21.533845901489258,452248400
191,2002-11-04,26.049999237060547,26.81999969482422,24.959999084472656,25.06999969482422,21.380329132080078,466066600
192,2002-11-11,24.950000762939453,26.450000762939453,24.149999618530273,26.440000534057617,22.5487117767334,437486300
193,2002-11-18,26.709999084472656,27.940000534057617,25.299999237060547,27.719999313354492,23.64032554626465,418763400
194,2002-11-25,27.760000228881836,28.290000915527344,26.899999618530273,27.719999313354492,23.64032554626465,260980000
195,2002-12-02,28.420000076293945,28.790000915527344,25.739999771118164,26.469999313354492,22.574283599853516,458508500
196,2002-12-09,26.219999313354492,26.690000534057617,25.010000228881836,25.040000915527344,21.354751586914062,344615300
197,2002-12-16,25.219999313354492,26.200000762939453,24.809999465942383,25.31999969482422,21.593549728393555,351520200
198,2002-12-23,25.18000030517578,25.90999984741211,24.75,24.81999969482422,21.16712760925293,139000000
199,2002-12-30,24.84000015258789,25.709999084472656,24.280000686645508,25.68000030517578,21.900554656982422,208374500
200,2003-01-06,25.709999084472656,27.260000228881836,25.200000762939453,27.100000381469727,23.111570358276367,388924800
201,2003-01-13,27.329999923706055,27.469999313354492,25.270000457763672,25.309999465942383,21.58500862121582,321024800
202,2003-01-20,25.40999984741211,25.84000015258789,24.639999389648438,24.81999969482422,21.16712760925293,300740600
203,2003-01-27,24.450000762939453,25.450000762939453,24.010000228881836,24.440000534057617,20.843053817749023,398335100
204,2003-02-03,24.520000457763672,24.860000610351562,23.649999618530273,23.809999465942383,20.305768966674805,377366600
205,2003-02-10,23.889999389648438,24.610000610351562,23.31999969482422,24.489999771118164,20.885698318481445,342046700
206,2003-02-17,24.700000762939453,25.3700008392334,24.510000228881836,25.170000076293945,21.465620040893555,249506500
207,2003-02-24,25.1299991607666,25.219999313354492,24.079999923706055,25.15999984741211,21.457088470458984,307702700
208,2003-03-03,25.270000457763672,25.479999542236328,23.959999084472656,24.540000915527344,20.928340911865234,317954000
209,2003-03-10,24.329999923706055,25.979999542236328,23.540000915527344,25.719999313354492,21.93467140197754,407074000
210,2003-03-17,25.43000030517578,27.3799991607666,25.350000381469727,27.170000076293945,23.171266555786133,514998900
211,2003-03-24,26.469999313354492,26.770000457763672,25.950000762939453,26.079999923706055,22.2416934967041,341344000
212,2003-03-31,25.600000381469727,26.850000381469727,25.209999084472656,26.049999237060547,22.21610450744629,374152500
213,2003-04-07,27.110000610351562,27.200000762939453,25.299999237060547,25.510000228881836,21.755582809448242,339542400
214,2003-04-14,25.600000381469727,26.979999542236328,25.489999771118164,26.81999969482422,22.872774124145508,258023400
215,2003-04-21,26.940000534057617,27.75,26.6200008392334,26.950000762939453,22.98365020751953,329475700
216,2003-04-28,27.049999237060547,28.290000915527344,26.950000762939453,28.280000686645508,24.117900848388672,350798800
217,2003-05-05,28.329999923706055,28.899999618530273,27.760000228881836,28.40999984741211,24.228778839111328,366989100
218,2003-05-12,28.360000610351562,28.989999771118164,28.170000076293945,28.700000762939453,24.476089477539062,327425300
219,2003-05-19,28.520000457763672,28.68000030517578,27.40999984741211,28.100000381469727,23.964401245117188,327125000
220,2003-05-26,27.93000030517578,29.8700008392334,27.899999618530273,29.790000915527344,25.40567398071289,353142200
221,2003-06-02,30.079999923706055,31.469999313354492,29.309999465942383,30.1299991607666,25.69563102722168,517581700
222,2003-06-09,30.0,30.75,29.530000686645508,29.959999084472656,25.55065155029297,414744200
223,2003-06-16,30.170000076293945,31.239999771118164,30.0,30.3799991607666,25.908828735351562,369978300
224,2003-06-23,30.329999923706055,30.56999969482422,29.469999313354492,29.829999923706055,25.439786911010742,425408500
225,2003-06-30,30.15999984741211,31.100000381469727,29.260000228881836,30.579999923706055,26.079416275024414,309918400
226,2003-07-07,30.969999313354492,32.4900016784668,30.959999084472656,31.84000015258789,27.153963088989258,430674300
227,2003-07-14,32.34000015258789,32.75,30.920000076293945,31.280000686645508,26.676376342773438,436501700
228,2003-07-21,31.239999771118164,32.02000045776367,30.610000610351562,31.799999237060547,27.11985206604004,437556500
229,2003-07-28,31.860000610351562,32.33000183105469,31.239999771118164,31.459999084472656,26.82988166809082,352447700
230,2003-08-04,31.420000076293945,31.799999237060547,29.93000030517578,30.06999969482422,25.64445686340332,438206100
231,2003-08-11,30.079999923706055,31.290000915527344,30.030000686645508,31.170000076293945,26.582578659057617,259745800
232,2003-08-18,31.309999465942383,33.369998931884766,31.229999542236328,32.439998626708984,27.6656551361084,363813800
233,2003-08-25,32.36000061035156,33.459999084472656,31.809999465942383,33.38999938964844,28.475847244262695,278875100
234,2003-09-01,33.4900016784668,34.34000015258789,33.130001068115234,33.939998626708984,28.94489097595215,320298100
235,2003-09-08,34.0,34.529998779296875,33.0099983215332,33.81999969482422,28.842559814453125,470615900
236,2003-09-15,33.84000015258789,34.86000061035156,33.439998626708984,34.58000183105469,29.49070930480957,383118600
237,2003-09-22,34.130001068115234,34.560001373291016,32.52000045776367,32.58000183105469,27.785049438476562,514547200
238,2003-09-29,32.7599983215332,34.470001220703125,32.36000061035156,34.189998626708984,29.158100128173828,519412800
239,2003-10-06,34.279998779296875,35.27000045776367,34.0099983215332,35.0099983215332,29.857418060302734,387227200
240,2003-10-13,35.13999938964844,35.849998474121094,34.599998474121094,34.61000061035156,29.516286849975586,391989300
241,2003-10-20,34.650001525878906,35.45000076293945,33.4900016784668,34.20000076293945,29.1666316986084,434329500
242,2003-10-27,34.279998779296875,36.0,34.040000915527344,35.18000030517578,30.002395629882812,395591200
243,2003-11-03,35.43000030517578,36.18000030517578,35.150001525878906,35.630001068115234,30.386171340942383,352660400
244,2003-11-10,35.70000076293945,36.02000045776367,34.849998474121094,35.040000915527344,29.882999420166016,380043300
245,2003-11-17,34.84000015258789,34.970001220703125,33.72999954223633,34.22999954223633,29.19222068786621,502083900
246,2003-11-24,34.52000045776367,35.52000045776367,34.470001220703125,35.380001068115234,30.172956466674805,262222800
247,2003-12-01,35.709999084472656,36.119998931884766,34.959999084472656,35.040000915527344,29.882999420166016,442665300
248,2003-12-08,35.02000045776367,35.459999084472656,34.130001068115234,35.2400016784668,30.05356788635254,480979000
249,2003-12-15,35.93000030517578,35.9900016784668,34.41999816894531,35.459999084472656,30.241180419921875,444226400
250,2003-12-22,35.349998474121094,36.09000015258789,35.290000915527344,35.849998474121094,30.573814392089844,200917700
251,2003-12-29,36.029998779296875,36.790000915527344,36.02000045776367,36.36000061035156,31.020851135253906,227274300
252,2004-01-05,36.58000183105469,38.349998474121094,36.560001373291016,37.72999954223633,32.18967819213867,372678300
253,2004-01-12,37.849998474121094,38.630001068115234,37.599998474121094,38.56999969482422,32.90631866455078,420516500
254,2004-01-19,38.72999954223633,39.0,37.779998779296875,38.0099983215332,32.42857360839844,372991600
255,2004-01-26,37.97999954223633,38.650001525878906,36.65999984741211,37.06999969482422,31.626604080200195,537879900
256,2004-02-02,37.20000076293945,37.47999954223633,36.33000183105469,37.130001068115234,31.67778968811035,481888200
257,2004-02-09,37.34000015258789,37.970001220703125,36.7599983215332,36.939998626708984,31.515676498413086,377490200
258,2004-02-16,37.279998779296875,37.900001525878906,36.54999923706055,36.86000061035156,31.447433471679688,373842100
259,2004-02-23,37.0,37.029998779296875,36.099998474121094,36.56999969482422,31.20000648498535,494890300
260,2004-03-01,36.68000030517578,37.18000030517578,36.209999084472656,36.630001068115234,31.251218795776367,439187700
261,2004-03-08,36.689998626708984,36.81999969482422,34.79999923706055,35.5099983215332,30.29568099975586,643467600
262,2004-03-15,35.36000061035156,35.619998931884766,34.630001068115234,34.75,29.64727210998535,541989800
263,2004-03-22,34.529998779296875,35.58000183105469,34.0099983215332,35.220001220703125,30.048240661621094,599245800
264,2004-03-29,35.5099983215332,37.15999984741211,35.4900016784668,37.099998474121094,31.65218162536621,524587000
265,2004-04-05,37.0099983215332,37.5,36.65999984741211,36.939998626708984,31.515676498413086,334144200
266,2004-04-12,37.02000045776367,37.36000061035156,35.790000915527344,36.09000015258789,30.79050636291504,503875400
267,2004-04-19,36.0099983215332,37.2599983215332,35.63999938964844,37.209999084472656,31.746030807495117,552713200
268,2004-04-26,37.18000030517578,37.290000915527344,34.720001220703125,34.77000045776367,29.664321899414062,581427700
269,2004-05-03,35.0,35.75,34.849998474121094,34.970001220703125,29.83496856689453,581131000
270,2004-05-10,34.66999816894531,35.45000076293945,34.27000045776367,34.75,29.64727210998535,746742000
271,2004-05-17,34.380001068115234,35.5099983215332,34.11000061035156,35.02000045776367,29.877601623535156,595253400
272,2004-05-24,35.29999923706055,36.54999923706055,34.95000076293945,36.54999923706055,31.18294906616211,506535800
273,2004-05-31,36.27000045776367,36.65999984741211,35.81999969482422,36.189998626708984,30.875818252563477,382647100
274,2004-06-07,36.439998626708984,37.189998626708984,36.34000015258789,36.84000015258789,31.430356979370117,335380000
275,2004-06-14,36.61000061035156,36.9900016784668,36.099998474121094,36.439998626708984,31.08910369873047,398296600
276,2004-06-21,36.52000045776367,37.38999938964844,36.02000045776367,37.33000183105469,31.84841537475586,434639900
277,2004-06-28,37.4900016784668,37.900001525878906,36.630001068115234,36.81999969482422,31.413299560546875,456306800
278,2004-07-05,36.599998474121094,36.599998474121094,35.54999923706055,35.75,30.500425338745117,420625800
279,2004-07-12,35.56999969482422,35.810001373291016,34.619998931884766,34.66999816894531,29.579017639160156,493348500
280,2004-07-19,34.779998779296875,35.650001525878906,34.029998779296875,34.209999084472656,29.186555862426758,599171300
281,2004-07-26,34.2400016784668,35.099998474121094,33.70000076293945,34.88999938964844,29.766706466674805,552704300
282,2004-08-02,34.61000061035156,35.02000045776367,32.65999984741211,32.720001220703125,27.91535186767578,512248000
283,2004-08-09,32.810001373291016,33.47999954223633,32.349998474121094,32.52000045776367,27.744733810424805,511427300
284,2004-08-16,32.61000061035156,34.13999938964844,32.59000015258789,34.0099983215332,29.01592254638672,470685500
285,2004-08-23,34.04999923706055,34.68000030517578,33.810001373291016,34.560001373291016,29.485172271728516,374656500
286,2004-08-30,34.40999984741211,34.880001068115234,33.650001525878906,34.13999938964844,29.126855850219727,413516000
287,2004-09-06,34.400001525878906,35.189998626708984,34.119998931884766,35.119998931884766,29.96293830871582,410011700
288,2004-09-13,35.25,35.720001220703125,35.119998931884766,35.43000030517578,30.2274112701416,426969900
289,2004-09-20,35.290000915527344,35.849998474121094,34.75,34.79999923706055,29.68992805480957,501510500
290,2004-09-27,34.619998931884766,36.150001525878906,34.22999954223633,36.099998474121094,30.799022674560547,460951400
291,2004-10-04,36.36000061035156,36.689998626708984,35.5,35.58000183105469,30.35538101196289,483049800
292,2004-10-11,35.720001220703125,36.13999938964844,35.20000076293945,35.630001068115234,30.39804458618164,510075300
293,2004-10-18,35.5099983215332,36.790000915527344,35.400001525878906,35.79999923706055,30.543067932128906,582379800
294,2004-10-25,35.72999954223633,37.2400016784668,35.40999984741211,36.900001525878906,31.481565475463867,565344000
295,2004-11-01,36.97999954223633,38.15999984741211,36.79999923706055,37.959999084472656,32.38589859008789,551798400
296,2004-11-08,37.95000076293945,38.7599983215332,37.650001525878906,38.65999984741211,32.98310852050781,448403900
297,2004-11-15,38.63999938964844,39.36000061035156,38.31999969482422,38.68000030517578,33.00018310546875,518486000
298,2004-11-22,38.61000061035156,39.47999954223633,38.47999954223633,39.209999084472656,33.45235824584961,277108500
299,2004-11-29,39.459999084472656,40.59000015258789,38.970001220703125,40.130001068115234,34.237239837646484,521036800
300,2004-12-06,40.119998931884766,40.5,39.2400016784668,39.93000030517578,34.06662368774414,422499500
301,2004-12-13,40.22999954223633,40.68000030517578,39.43000030517578,39.470001220703125,33.67417907714844,445509000
302,2004-12-20,39.56999969482422,39.93000030517578,39.09000015258789,39.7599983215332,34.246463775634766,310662300
303,2004-12-27,39.97999954223633,40.15999984741211,39.400001525878906,39.91999816894531,34.38431167602539,262145500
304,2005-01-03,40.09000015258789,40.290000915527344,38.209999084472656,38.54999923706055,33.204254150390625,591558200
305,2005-01-10,38.439998626708984,38.869998931884766,38.0099983215332,38.43000030517578,33.100914001464844,518361200
306,2005-01-17,38.279998779296875,38.790000915527344,36.9900016784668,37.04999923706055,31.912260055541992,456274500
307,2005-01-24,37.119998931884766,37.290000915527344,36.459999084472656,36.91999816894531,31.80031394958496,579439400
308,2005-01-31,37.36000061035156,37.81999969482422,37.0,37.75,32.51519012451172,455370600
309,2005-02-07,37.79999923706055,38.0099983215332,36.880001068115234,37.70000076293945,32.472145080566406,456706800
310,2005-02-14,37.70000076293945,38.47999954223633,37.2599983215332,37.349998474121094,32.170677185058594,451376400
311,2005-02-21,37.029998779296875,37.70000076293945,36.70000076293945,37.619998931884766,32.40325164794922,395565400
312,2005-02-28,37.459999084472656,38.02000045776367,36.91999816894531,37.52000045776367,32.317108154296875,457878600
313,2005-03-07,37.599998474121094,38.290000915527344,37.02000045776367,37.16999816894531,32.0156364440918,481123200
314,2005-03-14,37.2400016784668,37.47999954223633,36.349998474121094,36.5099983215332,31.44715690612793,528339500
315,2005-03-21,36.599998474121094,36.75,36.06999969482422,36.27000045776367,31.240442276000977,381780500
316,2005-03-28,36.40999984741211,36.880001068115234,35.939998626708984,36.20000076293945,31.180160522460938,524397500
317,2005-04-04,36.25,37.06999969482422,36.029998779296875,36.63999938964844,31.559125900268555,429476700
318,2005-04-11,36.75,36.779998779296875,34.68000030517578,34.7400016784668,29.922603607177734,652891200
319,2005-04-18,34.709999084472656,35.709999084472656,34.59000015258789,35.09000015258789,30.22408103942871,586965400
320,2005-04-25,35.29999923706055,35.70000076293945,34.349998474121094,34.97999954223633,30.129318237304688,532286000
321,2005-05-02,35.099998474121094,36.02000045776367,34.88999938964844,35.86000061035156,30.887310028076172,418210000
322,2005-05-09,35.869998931884766,36.470001220703125,35.29999923706055,36.2400016784668,31.214597702026367,525321200
323,2005-05-16,36.2400016784668,37.689998626708984,36.130001068115234,37.65999984741211,32.43769073486328,458014800
324,2005-05-23,37.65999984741211,38.27000045776367,37.59000015258789,38.209999084472656,32.911415100097656,404512500
325,2005-05-30,38.189998626708984,38.68000030517578,37.91999816894531,38.099998474121094,32.816680908203125,359082100
326,2005-06-06,38.119998931884766,38.470001220703125,37.380001068115234,37.54999923706055,32.342952728271484,426201700
327,2005-06-13,37.47999954223633,38.209999084472656,37.25,37.869998931884766,32.61857223510742,423242700
328,2005-06-20,37.720001220703125,38.18000030517578,36.959999084472656,36.970001220703125,31.872817993164062,504954100
329,2005-06-27,36.95000076293945,37.2599983215332,36.68000030517578,36.72999954223633,31.665889739990234,360683200
330,2005-07-04,36.599998474121094,37.810001373291016,36.54999923706055,37.77000045776367,32.56251525878906,379176700
331,2005-07-11,37.869998931884766,39.0,37.79999923706055,38.88999938964844,33.52809524536133,420852800
332,2005-07-18,38.790000915527344,39.689998626708984,38.689998626708984,39.41999816894531,33.98501968383789,426890600
333,2005-07-25,39.459999084472656,39.91999816894531,39.189998626708984,39.58000183105469,34.12295150756836,338438100
334,2005-08-01,39.63999938964844,40.13999938964844,39.43000030517578,39.47999954223633,34.0367431640625,339013800
335,2005-08-08,39.52000045776367,39.689998626708984,38.970001220703125,39.209999084472656,33.803955078125,406690500
336,2005-08-15,39.13999938964844,39.630001068115234,38.7400016784668,38.81999969482422,33.46773147583008,356711300
337,2005-08-22,38.880001068115234,39.18000030517578,38.27000045776367,38.459999084472656,33.15736389160156,356734400
338,2005-08-29,38.2599983215332,39.150001525878906,38.2599983215332,38.77000045776367,33.42463302612305,383869600
339,2005-09-05,38.95000076293945,39.689998626708984,38.900001525878906,39.619998931884766,34.15745162963867,284418500
340,2005-09-12,39.630001068115234,39.90999984741211,39.04999923706055,39.400001525878906,33.9677734375,367935300
341,2005-09-19,39.31999969482422,39.540000915527344,38.2400016784668,38.75,33.407386779785156,493834700
342,2005-09-26,38.970001220703125,39.47999954223633,38.45000076293945,39.459999084472656,34.01948165893555,402344700
343,2005-10-03,39.540000915527344,39.880001068115234,37.91999816894531,38.34000015258789,33.053916931152344,526520000
344,2005-10-10,38.27000045776367,38.459999084472656,37.33000183105469,38.060001373291016,32.8125114440918,594891200
345,2005-10-17,38.06999969482422,38.849998474121094,37.61000061035156,38.54999923706055,33.23495101928711,527639600
346,2005-10-24,38.72999954223633,39.27000045776367,37.91999816894531,38.31999969482422,33.03665542602539,514839800
347,2005-10-31,38.45000076293945,40.22999954223633,38.41999816894531,40.08000183105469,34.554019927978516,528189800
348,2005-11-07,40.209999084472656,40.91999816894531,39.91999816894531,40.709999084472656,35.097164154052734,417463300
349,2005-11-14,40.77000045776367,41.650001525878906,40.380001068115234,41.45000076293945,35.735130310058594,402337300
350,2005-11-21,41.400001525878906,42.02000045776367,41.2400016784668,41.88999938964844,36.11446762084961,245576800
351,2005-11-28,42.0,42.130001068115234,41.189998626708984,42.11000061035156,36.30413818359375,405046900
352,2005-12-05,42.060001373291016,42.310001373291016,41.27000045776367,41.720001220703125,35.9678955078125,395484900
353,2005-12-12,41.869998931884766,42.209999084472656,41.54999923706055,41.58000183105469,35.847225189208984,331407000
354,2005-12-19,41.66999816894531,41.709999084472656,40.75,41.400001525878906,35.77812576293945,311684300
355,2005-12-26,41.52000045776367,41.68000030517578,40.36000061035156,40.40999984741211,34.92256164550781,213286900
356,2006-01-02,40.650001525878906,42.70000076293945,40.15999984741211,42.68000030517578,36.88431167602539,389830600
357,2006-01-09,42.68000030517578,43.310001373291016,42.52000045776367,42.97999954223633,37.1435661315918,412900900
358,2006-01-16,42.650001525878906,42.81999969482422,41.150001525878906,41.25,35.64848327636719,498647400
359,2006-01-23,41.36000061035156,42.38999938964844,41.08000183105469,42.11000061035156,36.3917236328125,512596200
360,2006-01-30,42.18000030517578,42.31999969482422,40.779998779296875,40.91999816894531,35.36330032348633,459241000
361,2006-02-06,40.720001220703125,41.369998931884766,40.2599983215332,40.959999084472656,35.39787673950195,416186900
362,2006-02-13,40.70000076293945,41.54999923706055,40.29999923706055,41.209999084472656,35.613914489746094,442867500
363,2006-02-20,41.209999084472656,41.540000915527344,40.61000061035156,41.2599983215332,35.657127380371094,300687800
364,2006-02-27,41.36000061035156,42.0099983215332,40.970001220703125,41.45000076293945,35.82133483886719,445394500
365,2006-03-06,41.540000915527344,41.630001068115234,40.189998626708984,40.560001373291016,35.052181243896484,533015600
366,2006-03-13,40.7400016784668,41.91999816894531,40.619998931884766,41.45000076293945,35.82133483886719,451336700
367,2006-03-20,41.56999969482422,42.0099983215332,40.81999969482422,41.29999923706055,35.71675109863281,466042600
368,2006-03-27,41.279998779296875,42.29999923706055,40.9900016784668,41.93000030517578,36.261558532714844,472582500
369,2006-04-03,42.150001525878906,43.04999923706055,41.900001525878906,42.31999969482422,36.59885787963867,470628600
370,2006-04-10,42.400001525878906,42.5,41.709999084472656,42.099998474121094,36.408592224121094,272691900
371,2006-04-17,42.040000915527344,42.81999969482422,41.38999938964844,42.0,36.322105407714844,519003300
372,2006-04-24,41.95000076293945,42.4900016784668,41.5,41.849998474121094,36.19239044189453,501580900
373,2006-05-01,41.91999816894531,42.209999084472656,41.279998779296875,42.15999984741211,36.4604606628418,422084200
374,2006-05-08,42.08000183105469,42.279998779296875,40.18000030517578,40.189998626708984,34.756813049316406,480942600
375,2006-05-15,40.02000045776367,40.34000015258789,38.75,39.349998474121094,34.03036117553711,802188300
376,2006-05-22,39.0099983215332,39.58000183105469,38.22999954223633,39.4900016784668,34.15142822265625,761647800
377,2006-05-29,39.29999923706055,40.0,38.540000915527344,39.63999938964844,34.28114318847656,490893900
378,2006-06-05,39.560001373291016,39.560001373291016,37.4900016784668,38.150001525878906,32.992576599121094,785924700
379,2006-06-12,38.20000076293945,38.790000915527344,37.15999984741211,38.34000015258789,33.156898498535156,875290300
380,2006-06-19,38.5,38.9900016784668,37.90999984741211,38.150001525878906,33.01478958129883,593020600
381,2006-06-26,38.16999816894531,39.13999938964844,37.380001068115234,38.77000045776367,33.55134201049805,549677900
382,2006-07-03,38.88999938964844,39.0,37.56999969482422,37.689998626708984,32.61671829223633,294001000
383,2006-07-10,37.790000915527344,37.93000030517578,35.790000915527344,35.939998626708984,31.102279663085938,745876900
384,2006-07-17,35.95000076293945,36.83000183105469,35.540000915527344,35.70000076293945,30.894580841064453,805428600
385,2006-07-24,35.84000015258789,37.13999938964844,35.79999923706055,37.11000061035156,32.11478805541992,539564200
386,2006-07-31,37.08000183105469,37.630001068115234,36.2599983215332,36.95000076293945,31.97632598876953,486638100
387,2006-08-07,36.90999984741211,37.310001373291016,36.2599983215332,36.529998779296875,31.61285400390625,528501400
388,2006-08-14,36.84000015258789,38.97999954223633,36.70000076293945,38.790000915527344,33.56865692138672,605692000
389,2006-08-21,38.5,38.810001373291016,37.91999816894531,38.31999969482422,33.16191864013672,417341500
390,2006-08-28,38.290000915527344,39.209999084472656,38.18000030517578,39.08000183105469,33.819610595703125,391159900
391,2006-09-04,39.099998474121094,39.47999954223633,38.36000061035156,38.720001220703125,33.508060455322266,395975800
392,2006-09-11,38.40999984741211,40.459999084472656,38.31999969482422,40.11000061035156,34.71097183227539,618475800
393,2006-09-18,40.119998931884766,40.66999816894531,39.52000045776367,39.869998931884766,34.52311325073242,616386300
394,2006-09-25,40.040000915527344,40.95000076293945,39.68000030517578,40.650001525878906,35.19852828979492,534234600
395,2006-10-02,40.599998474121094,41.560001373291016,39.880001068115234,41.40999984741211,35.856605529785156,539790000
396,2006-10-09,41.36000061035156,42.52000045776367,41.16999816894531,42.43000030517578,36.73978805541992,473259600
397,2006-10-16,42.43000030517578,42.619998931884766,41.59000015258789,42.0,36.367469787597656,542185300
398,2006-10-23,41.91999816894531,42.91999816894531,41.81999969482422,42.209999084472656,36.549312591552734,615537400
399,2006-10-30,42.15999984741211,42.77000045776367,41.61000061035156,41.93000030517578,36.30685806274414,608152000
400,2006-11-06,42.06999969482422,43.349998474121094,42.060001373291016,43.029998779296875,37.25934982299805,627932900
401,2006-11-13,43.04999923706055,44.41999816894531,43.0,44.29999923706055,38.359031677246094,536350600
402,2006-11-20,44.15999984741211,44.86000061035156,44.0099983215332,44.650001525878906,38.662086486816406,296891900
403,2006-11-27,44.5099983215332,44.61000061035156,43.2599983215332,43.65999984741211,37.804840087890625,685306900
404,2006-12-04,43.790000915527344,44.54999923706055,43.470001220703125,43.900001525878906,38.0126953125,511422200
405,2006-12-11,43.83000183105469,44.7599983215332,43.560001373291016,44.43000030517578,38.471595764160156,471999200
406,2006-12-18,44.58000183105469,44.75,42.93000030517578,42.93000030517578,37.218040466308594,521148200
407,2006-12-25,42.93000030517578,43.61000061035156,42.880001068115234,43.15999984741211,37.41743850708008,249146300
408,2007-01-01,43.459999084472656,44.209999084472656,42.52000045776367,43.849998474121094,38.015621185302734,443501800
409,2007-01-08,43.88999938964844,45.349998474121094,43.630001068115234,45.310001373291016,39.2813835144043,627296300
410,2007-01-15,45.349998474121094,45.400001525878906,43.90999984741211,44.16999816894531,38.293060302734375,539407200
411,2007-01-22,44.209999084472656,44.470001220703125,43.290000915527344,43.56999969482422,37.77287673950195,678782500
412,2007-01-29,43.459999084472656,44.400001525878906,43.33000183105469,44.15999984741211,38.28440475463867,577124700
413,2007-02-05,44.13999938964844,44.720001220703125,43.63999938964844,43.880001068115234,38.04165267944336,558275700
414,2007-02-12,43.869998931884766,44.86000061035156,43.59000015258789,44.709999084472656,38.761207580566406,536752700
415,2007-02-19,44.63999938964844,45.54999923706055,44.43000030517578,45.2599983215332,39.23804473876953,419304500
416,2007-02-26,45.47999954223633,45.5,42.2400016784668,42.47999954223633,36.82792282104492,1049581500
417,2007-03-05,42.150001525878906,43.34000015258789,42.060001373291016,42.93000030517578,37.218040466308594,696914800
418,2007-03-12,42.869998931884766,43.279998779296875,42.099998474121094,42.83000183105469,37.1313591003418,665084800
419,2007-03-19,43.060001373291016,44.45000076293945,42.95000076293945,44.119998931884766,38.27381134033203,531389000
420,2007-03-26,44.13999938964844,44.31999969482422,43.099998474121094,43.529998779296875,37.762001037597656,578277200
421,2007-04-02,43.66999816894531,44.58000183105469,43.29999923706055,44.560001373291016,38.65550231933594,334799600
422,2007-04-09,44.709999084472656,44.75,43.95000076293945,44.650001525878906,38.733585357666016,461800300
423,2007-04-16,44.83000183105469,45.66999816894531,44.720001220703125,45.400001525878906,39.384212493896484,454448400
424,2007-04-23,45.459999084472656,46.70000076293945,45.33000183105469,46.56999969482422,40.399169921875,496109900
425,2007-04-30,46.4900016784668,46.88999938964844,45.65999984741211,46.630001068115234,40.45122146606445,511901900
426,2007-05-07,46.65999984741211,46.970001220703125,46.06999969482422,46.779998779296875,40.58134078979492,534612000
427,2007-05-14,46.77000045776367,46.880001068115234,45.90999984741211,46.709999084472656,40.5206184387207,657589000
428,2007-05-21,46.7400016784668,47.369998931884766,45.970001220703125,46.45000076293945,40.295066833496094,623492900
429,2007-05-28,46.5,47.77000045776367,46.349998474121094,47.439998626708984,41.15388488769531,466286400
430,2007-06-04,47.27000045776367,47.63999938964844,46.15999984741211,46.90999984741211,40.69411849975586,798070700
431,2007-06-11,46.880001068115234,47.869998931884766,46.45000076293945,47.7599983215332,41.43149948120117,600963700
432,2007-06-18,47.849998474121094,47.91999816894531,47.08000183105469,47.290000915527344,41.055843353271484,643734000
433,2007-06-25,47.29999923706055,47.880001068115234,46.70000076293945,47.599998474121094,41.32496643066406,647351700
434,2007-07-02,47.709999084472656,48.90999984741211,47.68000030517578,48.86000061035156,42.41888427734375,255059200
435,2007-07-09,48.900001525878906,49.970001220703125,48.31999969482422,49.900001525878906,43.321781158447266,452688800
436,2007-07-16,49.88999938964844,50.65999984741211,49.63999938964844,50.04999923706055,43.451988220214844,627834200
437,2007-07-23,50.220001220703125,50.310001373291016,47.9900016784668,47.9900016784668,41.66354751586914,1018128600
438,2007-07-30,48.220001220703125,48.9900016784668,46.97999954223633,47.41999816894531,41.168704986572266,1071313900
439,2007-08-06,47.470001220703125,49.060001373291016,46.630001068115234,47.279998779296875,41.04716491699219,1012234600
440,2007-08-13,47.68000030517578,47.880001068115234,44.38999938964844,46.310001373291016,40.20503616333008,1071034300
441,2007-08-20,46.4900016784668,48.22999954223633,46.08000183105469,48.20000076293945,41.84588623046875,582409000
442,2007-08-27,48.060001373291016,49.060001373291016,46.709999084472656,48.869998931884766,42.427555084228516,525333400
443,2007-09-03,48.93000030517578,50.0,47.95000076293945,48.22999954223633,41.87192153930664,464190800
444,2007-09-10,48.619998931884766,49.369998931884766,47.810001373291016,49.220001220703125,42.7314338684082,502866000
445,2007-09-17,49.0,50.59000015258789,48.59000015258789,50.36000061035156,43.721134185791016,560160300
446,2007-09-24,50.4900016784668,51.68000030517578,50.33000183105469,51.40999984741211,44.65591049194336,453422800
447,2007-10-01,51.45000076293945,52.900001525878906,51.34000015258789,52.81999969482422,45.88067626953125,478039100
448,2007-10-08,52.79999923706055,53.939998626708984,52.279998779296875,53.529998779296875,46.49739074707031,620228200
449,2007-10-15,53.61000061035156,53.88999938964844,52.38999938964844,52.439998626708984,45.550601959228516,888843200
450,2007-10-22,52.15999984741211,54.209999084472656,52.02000045776367,53.93000030517578,46.84485626220703,1048229500
451,2007-10-29,54.189998626708984,55.06999969482422,53.599998474121094,54.41999816894531,47.27048873901367,764802200
452,2007-11-05,53.86000061035156,54.689998626708984,50.0,50.0,43.43115234375,1170423100
453,2007-11-12,49.91999816894531,51.439998626708984,48.650001525878906,50.279998779296875,43.67436599731445,1317298500
454,2007-11-19,50.15999984741211,50.779998779296875,48.849998474121094,49.84000015258789,43.292179107666016,758103400
455,2007-11-26,49.970001220703125,52.25,48.900001525878906,51.310001373291016,44.56906509399414,922094200
456,2007-12-03,51.09000015258789,52.540000915527344,50.380001068115234,52.33000183105469,45.45505142211914,548330800
457,2007-12-10,52.459999084472656,52.84000015258789,50.88999938964844,50.970001220703125,44.273738861083984,687570300
458,2007-12-17,50.779998779296875,51.900001525878906,49.18000030517578,51.849998474121094,45.03810501098633,701514800
459,2007-12-24,52.0099983215332,52.630001068115234,51.43000030517578,51.81999969482422,45.05895233154297,226316200
460,2007-12-31,51.56999969482422,51.68000030517578,48.209999084472656,48.400001525878906,42.085182189941406,549201000
461,2008-01-07,48.400001525878906,48.7599983215332,46.459999084472656,47.04999923706055,40.911346435546875,1212408900
462,2008-01-14,47.689998626708984,48.0099983215332,44.97999954223633,45.349998474121094,39.43312454223633,1201931400
463,2008-01-21,42.83000183105469,45.869998931884766,41.61000061035156,43.9900016784668,38.250545501708984,1165409200
464,2008-01-28,44.02000045776367,45.880001068115234,43.56999969482422,45.59000015258789,39.641807556152344,931800000
465,2008-02-04,45.58000183105469,45.61000061035156,42.150001525878906,43.599998474121094,37.91144561767578,927521400
466,2008-02-11,43.77000045776367,44.880001068115234,43.45000076293945,43.81999969482422,38.10274887084961,684582800
467,2008-02-18,44.400001525878906,44.5,42.599998474121094,43.68000030517578,37.98102569580078,533068100
468,2008-02-25,43.630001068115234,44.529998779296875,42.849998474121094,42.95000076293945,37.346248626708984,713424000
469,2008-03-03,42.91999816894531,43.540000915527344,41.380001068115234,42.06999969482422,36.581077575683594,895327700
470,2008-03-10,42.0099983215332,43.439998626708984,41.16999816894531,42.25,36.737579345703125,1017681000
471,2008-03-17,41.290000915527344,43.599998474121094,41.04999923706055,43.09000015258789,37.46799087524414,753985200
472,2008-03-24,43.279998779296875,45.06999969482422,43.279998779296875,43.4900016784668,37.84534454345703,623641000
473,2008-03-31,43.650001525878906,46.349998474121094,43.45000076293945,45.86000061035156,39.907752990722656,662920800
474,2008-04-07,46.13999938964844,46.40999984741211,44.119998931884766,44.279998779296875,38.53282165527344,559823800
475,2008-04-14,44.209999084472656,46.93000030517578,43.68000030517578,46.709999084472656,40.64741134643555,605510400
476,2008-04-21,46.619998931884766,47.790000915527344,45.93000030517578,47.150001525878906,41.03031539916992,607533400
477,2008-04-28,47.2599983215332,49.189998626708984,47.029998779296875,48.77000045776367,42.440067291259766,563254200
478,2008-05-05,48.77000045776367,49.22999954223633,47.869998931884766,48.209999084472656,41.9527473449707,580336300
479,2008-05-12,48.279998779296875,50.11000061035156,48.20000076293945,50.0099983215332,43.51910400390625,622464900
480,2008-05-19,50.04999923706055,50.470001220703125,47.81999969482422,48.20000076293945,41.94402313232422,744915700
481,2008-05-26,48.29999923706055,50.2400016784668,48.290000915527344,50.0099983215332,43.51910400390625,466493900
482,2008-06-02,49.91999816894531,50.61000061035156,48.66999816894531,49.029998779296875,42.666297912597656,802627300
483,2008-06-09,49.130001068115234,49.189998626708984,47.0,48.369998931884766,42.091949462890625,899830900
484,2008-06-16,48.119998931884766,49.060001373291016,47.209999084472656,47.41999816894531,41.26527404785156,847352400
485,2008-06-23,47.61000061035156,48.0,44.970001220703125,45.650001525878906,39.752716064453125,860186100
486,2008-06-30,45.5099983215332,46.130001068115234,44.279998779296875,44.630001068115234,38.864471435546875,701101400
487,2008-07-07,45.040000915527344,46.029998779296875,43.849998474121094,44.560001373291016,38.80352783203125,1059989000
488,2008-07-14,45.13999938964844,45.81999969482422,43.29999923706055,44.59000015258789,38.82965087890625,1005544800
489,2008-07-21,45.0,45.88999938964844,43.86000061035156,45.27000045776367,39.42179870605469,707069100
490,2008-07-28,45.2599983215332,46.150001525878906,44.209999084472656,44.880001068115234,39.08220672607422,792822800
491,2008-08-04,44.869998931884766,47.439998626708984,44.29999923706055,47.31999969482422,41.20698165893555,697346400
492,2008-08-11,47.29999923706055,48.56999969482422,47.13999938964844,48.15999984741211,41.93846130371094,748676600
493,2008-08-18,48.29999923706055,48.310001373291016,46.380001068115234,47.4900016784668,41.355018615722656,677708100
494,2008-08-25,47.15999984741211,47.279998779296875,45.91999816894531,46.119998931884766,40.1619987487793,589784800
495,2008-09-01,46.869998931884766,47.08000183105469,42.810001373291016,43.45000076293945,37.83692932128906,790942600
496,2008-09-08,44.02000045776367,44.220001220703125,42.16999816894531,43.43000030517578,37.81950378417969,1061396300
497,2008-09-15,42.400001525878906,43.83000183105469,39.5,42.900001525878906,37.35797882080078,1993694800
498,2008-09-22,42.7400016784668,42.84000015258789,40.220001220703125,41.08000183105469,35.79719543457031,839245600
499,2008-09-29,40.2599983215332,40.380001068115234,36.099998474121094,36.18000030517578,31.52734375,1141664500
500,2008-10-06,35.2599983215332,35.529998779296875,29.3799991607666,31.31999969482422,27.292314529418945,2000251800
501,2008-10-13,32.86000061035156,36.150001525878906,29.25,32.29999923706055,28.146286010742188,1752037900
502,2008-10-20,32.7599983215332,33.2599983215332,28.09000015258789,29.510000228881836,25.71507453918457,1462805800
503,2008-10-27,29.170000076293945,33.43000030517578,28.65999984741211,32.88999938964844,28.660419464111328,1387410900
504,2008-11-03,32.810001373291016,34.0099983215332,30.399999618530273,31.190000534057617,27.179035186767578,892460400
505,2008-11-10,31.969999313354492,31.969999313354492,27.280000686645508,28.979999542236328,25.253232955932617,1067751600
506,2008-11-17,28.489999771118164,29.229999542236328,25.049999237060547,26.670000076293945,23.24030113220215,1324896800
507,2008-11-24,27.219999313354492,29.360000610351562,26.979999542236328,29.1200008392334,25.375226974487305,634177100
508,2008-12-01,28.5,29.06999969482422,26.84000015258789,28.940000534057617,25.218379974365234,963001800
509,2008-12-08,29.59000015258789,30.829999923706055,28.469999313354492,29.68000030517578,25.86322021484375,852027400
510,2008-12-15,29.729999542236328,30.65999984741211,28.739999771118164,29.860000610351562,26.02007293701172,697965900
511,2008-12-22,29.860000610351562,29.920000076293945,28.739999771118164,29.1299991607666,25.420808792114258,212276100
512,2008-12-29,29.209999084472656,31.1299991607666,28.459999084472656,31.030000686645508,27.078872680664062,326859000
513,2009-01-05,30.829999923706055,31.6299991607666,29.920000076293945,30.06999969482422,26.241104125976562,611487900
514,2009-01-12,30.110000610351562,30.149999618530273,28.06999969482422,29.420000076293945,25.67387580871582,793332200
515,2009-01-19,29.299999237060547,29.43000030517578,27.959999084472656,28.899999618530273,25.2200870513916,655052200
516,2009-01-26,28.940000534057617,30.649999618530273,28.75,29.059999465942383,25.359712600708008,661778800
517,2009-02-02,28.780000686645508,31.510000228881836,28.739999771118164,31.3700008392334,27.375574111938477,805210200
518,2009-02-09,31.389999389648438,31.68000030517578,29.639999389648438,30.43000030517578,26.555267333984375,846987400
519,2009-02-16,29.489999771118164,29.670000076293945,28.389999389648438,28.8700008392334,25.193912506103516,685130000
520,2009-02-23,29.030000686645508,29.170000076293945,27.389999389648438,27.530000686645508,24.024538040161133,986746600
521,2009-03-02,27.1200008392334,27.709999084472656,25.709999084472656,26.299999237060547,22.95114517211914,929898700
522,2009-03-09,26.09000015258789,28.84000015258789,25.6299991607666,28.739999771118164,25.08045768737793,870440500
523,2009-03-16,28.93000030517578,30.200000762939453,28.190000534057617,29.18000030517578,25.464441299438477,864241700
524,2009-03-23,29.899999618530273,31.459999084472656,29.200000762939453,30.81999969482422,26.940086364746094,827379400
525,2009-03-30,30.299999237060547,32.400001525878906,29.6200008392334,32.349998474121094,28.277477264404297,797963200
526,2009-04-06,31.989999771118164,33.0099983215332,31.209999084472656,32.939998626708984,28.793193817138672,565942400
527,2009-04-13,32.84000015258789,33.5,31.850000381469727,33.310001373291016,29.11661148071289,669191100
528,2009-04-20,32.709999084472656,33.93000030517578,32.060001373291016,33.689998626708984,29.448780059814453,756447800
529,2009-04-27,33.41999816894531,34.900001525878906,33.349998474121094,34.369998931884766,30.043174743652344,615363100
530,2009-05-04,34.68000030517578,35.34000015258789,33.880001068115234,34.22999954223633,29.920795440673828,811719400
531,2009-05-11,33.790000915527344,34.720001220703125,32.959999084472656,33.369998931884766,29.169063568115234,727514500
532,2009-05-18,33.599998474121094,35.040000915527344,33.310001373291016,33.540000915527344,29.317670822143555,598057300
533,2009-05-25,33.25,35.5,33.18000030517578,35.380001068115234,30.926021575927734,496673000
534,2009-06-01,35.7599983215332,37.08000183105469,35.61000061035156,36.779998779296875,32.14977264404297,550554000
535,2009-06-08,36.54999923706055,37.22999954223633,36.119998931884766,36.650001525878906,32.03614807128906,589148900
536,2009-06-15,36.29999923706055,36.36000061035156,35.45000076293945,36.15999984741211,31.60783576965332,624436400
537,2009-06-22,35.83000183105469,36.5,34.77000045776367,36.369998931884766,31.830501556396484,556148100
538,2009-06-29,36.470001220703125,36.84000015258789,35.5,35.599998474121094,31.156606674194336,390946400
539,2009-07-06,35.380001068115234,35.540000915527344,34.29999923706055,34.91999816894531,30.561481475830078,616515400
540,2009-07-13,34.95000076293945,37.56999969482422,34.47999954223633,37.560001373291016,32.871971130371094,628690700
541,2009-07-20,37.7599983215332,39.4900016784668,37.61000061035156,39.04999923706055,34.175987243652344,611116600
542,2009-07-27,39.33000183105469,40.18000030517578,38.869998931884766,39.45000076293945,34.52606201171875,519999300
543,2009-08-03,39.869998931884766,40.189998626708984,39.2400016784668,39.880001068115234,34.90240478515625,554886200
544,2009-08-10,39.7400016784668,40.220001220703125,39.04999923706055,39.630001068115234,34.683597564697266,560913100
545,2009-08-17,38.959999084472656,40.36000061035156,38.459999084472656,40.290000915527344,35.26123809814453,500463400
546,2009-08-24,40.36000061035156,41.08000183105469,39.66999816894531,40.439998626708984,35.39249801635742,535471500
547,2009-08-31,40.13999938964844,40.59000015258789,39.02000045776367,40.36000061035156,35.322479248046875,503781100
548,2009-09-07,40.68000030517578,41.619998931884766,40.459999084472656,41.52000045776367,36.33770751953125,363462700
549,2009-09-14,41.25,42.65999984741211,41.209999084472656,42.439998626708984,37.14286804199219,468532500
550,2009-09-21,42.20000076293945,43.16999816894531,41.58000183105469,41.70000076293945,36.53055191040039,511146300
551,2009-09-28,41.93000030517578,42.65999984741211,40.720001220703125,40.880001068115234,35.81220245361328,649673100
552,2009-10-05,41.09000015258789,42.619998931884766,40.83000183105469,42.47999954223633,37.213871002197266,486148200
553,2009-10-12,42.650001525878906,43.209999084472656,42.279998779296875,42.779998779296875,37.47666931152344,412798200
554,2009-10-19,42.810001373291016,43.81999969482422,42.59000015258789,43.130001068115234,37.78327560424805,486649500
555,2009-10-26,43.20000076293945,43.7599983215332,40.91999816894531,40.959999084472656,35.882286071777344,620064500
556,2009-11-02,41.0,42.650001525878906,40.63999938964844,42.599998474121094,37.31897735595703,577051300
557,2009-11-09,42.93000030517578,44.15999984741211,42.880001068115234,44.0099983215332,38.55418395996094,439529100
558,2009-11-16,44.20000076293945,44.650001525878906,43.279998779296875,43.439998626708984,38.05484390258789,455371000
559,2009-11-23,43.88999938964844,44.400001525878906,42.900001525878906,43.5099983215332,38.11616516113281,251151600
560,2009-11-30,43.40999984741211,44.72999954223633,43.11000061035156,44.119998931884766,38.650535583496094,445813800
561,2009-12-07,44.09000015258789,44.59000015258789,43.31999969482422,44.130001068115234,38.659297943115234,376279900
562,2009-12-14,44.43000030517578,44.70000076293945,43.7599983215332,44.459999084472656,38.948394775390625,357649800
563,2009-12-21,44.689998626708984,45.97999954223633,44.66999816894531,45.97999954223633,40.34717559814453,239629100
564,2009-12-28,46.09000015258789,46.29999923706055,45.75,45.75,40.145355224609375,189483500
565,2010-01-04,46.33000183105469,46.54999923706055,45.91999816894531,46.54999923706055,40.84735870361328,387772100
566,2010-01-11,46.61000061035156,46.63999938964844,45.529998779296875,45.849998474121094,40.233097076416016,498066600
567,2010-01-18,45.959999084472656,46.63999938964844,44.040000915527344,44.15999984741211,38.75012969970703,606106500
568,2010-01-25,44.43000030517578,44.88999938964844,42.630001068115234,42.790000915527344,37.547969818115234,890207300
569,2010-02-01,42.900001525878906,43.970001220703125,42.119998931884766,42.97999954223633,37.714691162109375,706407500
570,2010-02-08,42.90999984741211,43.880001068115234,42.63999938964844,43.7599983215332,38.39915084838867,494402600
571,2010-02-15,44.08000183105469,45.04999923706055,43.849998474121094,44.83000183105469,39.33806610107422,312722200
572,2010-02-22,45.0099983215332,45.029998779296875,43.83000183105469,44.7599983215332,39.27664566040039,418644100
573,2010-03-01,44.959999084472656,46.540000915527344,44.95000076293945,46.439998626708984,40.75083541870117,342001300
574,2010-03-08,46.459999084472656,47.529998779296875,46.400001525878906,47.36000061035156,41.558109283447266,390872700
575,2010-03-15,47.2599983215332,47.95000076293945,46.90999984741211,47.4900016784668,41.672203063964844,374911100
576,2010-03-22,47.29999923706055,48.599998474121094,47.25,48.0,42.16468811035156,348443800
577,2010-03-29,48.2400016784668,48.70000076293945,47.790000915527344,48.15999984741211,42.30520248413086,251106600
578,2010-04-05,48.27000045776367,49.04999923706055,48.13999938964844,49.029998779296875,43.06947326660156,310070500
579,2010-04-12,49.04999923706055,50.189998626708984,48.86000061035156,49.529998779296875,43.50868606567383,372303600
580,2010-04-19,49.349998474121094,50.56999969482422,48.900001525878906,50.52000045776367,44.378334045410156,430226500
581,2010-04-26,50.56999969482422,50.650001525878906,48.97999954223633,49.2400016784668,43.253936767578125,505128300
582,2010-05-03,49.45000076293945,50.16999816894531,42.63999938964844,45.40999984741211,39.88954162597656,906423600
583,2010-05-10,47.43000030517578,48.790000915527344,46.380001068115234,46.93000030517578,41.22475051879883,584750500
584,2010-05-17,47.02000045776367,47.58000183105469,43.4900016784668,44.84000015258789,39.38883972167969,812962900
585,2010-05-24,44.81999969482422,45.9900016784668,43.22999954223633,45.599998474121094,40.05644607543945,648091100
586,2010-05-31,45.43000030517578,46.77000045776367,44.939998626708984,45.09000015258789,39.60843276977539,413270300
587,2010-06-07,45.31999969482422,45.540000915527344,43.59000015258789,45.5,39.968597412109375,474655000
588,2010-06-14,45.91999816894531,47.34000015258789,45.40999984741211,47.0,41.28624725341797,375850600
589,2010-06-21,47.599998474121094,47.68000030517578,44.95000076293945,45.27000045776367,39.8419189453125,485265300
590,2010-06-28,45.27000045776367,45.54999923706055,41.77000045776367,42.470001220703125,37.4511604309082,546307700
591,2010-07-05,43.099998474121094,44.630001068115234,42.25,44.619998931884766,39.347084045410156,287156100
592,2010-07-12,44.58000183105469,45.810001373291016,44.29999923706055,44.34000015258789,39.100181579589844,436749500
593,2010-07-19,44.470001220703125,46.099998474121094,43.86000061035156,46.060001373291016,40.61690902709961,418385400
594,2010-07-26,46.119998931884766,46.720001220703125,45.06999969482422,45.810001373291016,40.39645767211914,369122300
595,2010-08-02,46.38999938964844,46.9900016784668,46.04999923706055,46.7599983215332,41.23419189453125,283873400
596,2010-08-09,47.0,47.189998626708984,44.45000076293945,44.720001220703125,39.435272216796875,318229300
597,2010-08-16,44.5,45.81999969482422,44.29999923706055,44.91999816894531,39.611637115478516,323011600
598,2010-08-23,45.20000076293945,45.34000015258789,42.970001220703125,44.06999969482422,38.862083435058594,436723700
599,2010-08-30,43.86000061035156,46.02000045776367,43.18000030517578,46.0099983215332,40.572811126708984,310821100
600,2010-09-06,45.81999969482422,46.70000076293945,45.630001068115234,46.599998474121094,41.09309768676758,246547100
601,2010-09-13,46.959999084472656,48.13999938964844,46.939998626708984,47.9900016784668,42.318843841552734,366295800
602,2010-09-20,48.16999816894531,49.689998626708984,48.11000061035156,49.65999984741211,43.89402770996094,419598800
603,2010-09-27,49.630001068115234,49.84000015258789,48.59000015258789,49.0099983215332,43.31949234008789,430595900
604,2010-10-04,48.869998931884766,49.869998931884766,48.20000076293945,49.75,43.97359085083008,411409600
605,2010-10-11,49.779998779296875,51.5,49.2599983215332,51.4900016784668,45.511558532714844,379692600
606,2010-10-18,51.5,51.720001220703125,50.41999816894531,51.63999938964844,45.64413070678711,392292900
607,2010-10-25,51.849998474121094,52.4900016784668,51.41999816894531,52.18000030517578,46.12144470214844,277284300
608,2010-11-01,52.369998931884766,53.86000061035156,51.97999954223633,53.66999816894531,47.43842697143555,397057000
609,2010-11-08,53.58000183105469,54.040000915527344,52.11000061035156,52.5099983215332,46.413124084472656,374333800
610,2010-11-15,52.779998779296875,52.880001068115234,50.849998474121094,52.470001220703125,46.37776565551758,361651000
611,2010-11-22,52.2599983215332,53.25,51.77000045776367,52.77000045776367,46.6429557800293,223821700
612,2010-11-29,52.70000076293945,53.939998626708984,51.880001068115234,53.869998931884766,47.61521911621094,384748800
613,2010-12-06,53.880001068115234,54.54999923706055,53.68000030517578,54.4900016784668,48.1632194519043,242822200
614,2010-12-13,54.70000076293945,54.7400016784668,54.029998779296875,54.52000045776367,48.18975067138672,302310500
615,2010-12-20,54.619998931884766,54.959999084472656,54.15999984741211,54.7400016784668,48.48013687133789,141366300
616,2010-12-27,54.58000183105469,54.91999816894531,54.209999084472656,54.459999084472656,48.23215103149414,143650300
617,2011-01-03,54.970001220703125,56.04999923706055,54.91999816894531,55.869998931884766,49.48092269897461,297034500
618,2011-01-10,55.75,57.02000045776367,55.58000183105469,57.0,50.4816780090332,255426800
619,2011-01-17,56.56999969482422,57.2599983215332,55.650001525878906,55.68000030517578,49.312652587890625,285603900
620,2011-01-24,55.790000915527344,57.349998474121094,55.470001220703125,55.72999954223633,49.3569221496582,356972100
621,2011-01-31,55.810001373291016,57.41999816894531,55.38999938964844,57.380001068115234,50.81824493408203,289174900
622,2011-02-07,57.4900016784668,58.47999954223633,57.400001525878906,58.439998626708984,51.757015228271484,264316000
623,2011-02-14,58.439998626708984,59.040000915527344,58.22999954223633,58.72999954223633,52.01384735107422,223987800
624,2011-02-21,57.93000030517578,58.130001068115234,56.130001068115234,57.650001525878906,51.05735397338867,343251700
625,2011-02-28,57.880001068115234,58.369998931884766,56.70000076293945,57.970001220703125,51.34076690673828,331424600
626,2011-03-07,58.209999084472656,58.2599983215332,55.81999969482422,56.4900016784668,50.03001022338867,430207100
627,2011-03-14,56.18000030517578,56.59000015258789,53.77000045776367,54.45000076293945,48.22330093383789,540671700
628,2011-03-21,55.279998779296875,57.220001220703125,54.5,56.84000015258789,50.411014556884766,297583700
629,2011-03-28,57.09000015258789,57.900001525878906,56.22999954223633,57.459999084472656,50.96088790893555,248790800
630,2011-04-04,57.619998931884766,57.72999954223633,56.650001525878906,56.95000076293945,50.508583068847656,257019800
631,2011-04-11,57.16999816894531,57.290000915527344,56.150001525878906,56.650001525878906,50.24251174926758,264928400
632,2011-04-18,56.08000183105469,58.470001220703125,55.31999969482422,58.34000015258789,51.741355895996094,218737700
633,2011-04-25,58.38999938964844,59.290000915527344,58.279998779296875,59.08000183105469,52.39766311645508,224173500
634,2011-05-02,59.16999816894531,59.34000015258789,58.08000183105469,58.470001220703125,51.85664367675781,284053600
635,2011-05-09,58.56999969482422,59.310001373291016,58.2400016784668,58.40999984741211,51.803436279296875,269582200
636,2011-05-16,58.13999938964844,58.34000015258789,56.97999954223633,57.77000045776367,51.23582458496094,258321500
637,2011-05-23,56.97999954223633,57.4900016784668,56.470001220703125,57.43000030517578,50.93428039550781,195075100
638,2011-05-30,57.970001220703125,58.36000061035156,56.27000045776367,56.349998474121094,49.9764404296875,207356900
639,2011-06-06,56.220001220703125,56.529998779296875,54.59000015258789,54.63999938964844,48.45984649658203,241961200
640,2011-06-13,54.66999816894531,55.470001220703125,53.619998931884766,53.790000915527344,47.70600509643555,273977700
641,2011-06-20,53.63999938964844,55.369998931884766,53.63999938964844,54.380001068115234,48.3374137878418,267170600
642,2011-06-27,54.439998626708984,57.9900016784668,54.31999969482422,57.90999984741211,51.47517013549805,265956100
643,2011-07-04,57.970001220703125,59.36000061035156,57.83000183105469,59.029998779296875,52.47071075439453,216730800
644,2011-07-11,58.40999984741211,58.709999084472656,56.869998931884766,57.849998474121094,51.421852111816406,385515300
645,2011-07-18,57.529998779296875,59.70000076293945,56.97999954223633,59.599998474121094,52.97737121582031,304271500
646,2011-07-25,59.130001068115234,59.83000183105469,57.439998626708984,58.0,51.555152893066406,317696900
647,2011-08-01,58.70000076293945,58.81999969482422,52.31999969482422,53.83000183105469,47.848506927490234,626828500
648,2011-08-08,52.18000030517578,53.900001525878906,49.93000030517578,53.56999969482422,47.6174201965332,838738100
649,2011-08-15,53.790000915527344,54.41999816894531,49.9900016784668,50.029998779296875,44.47077941894531,473884100
650,2011-08-22,51.22999954223633,53.310001373291016,50.060001373291016,53.130001068115234,47.22631072998047,418190800
651,2011-08-29,53.65999984741211,55.7400016784668,52.9900016784668,53.279998779296875,47.35965347290039,283848200
652,2011-09-05,52.040000915527344,55.16999816894531,51.90999984741211,53.18000030517578,47.270751953125,227030700
653,2011-09-12,52.59000015258789,56.650001525878906,52.56999969482422,56.59000015258789,50.301841735839844,391188500
654,2011-09-19,55.88999938964844,57.349998474121094,52.75,54.150001525878906,48.22224807739258,457377100
655,2011-09-26,54.41999816894531,56.20000076293945,52.459999084472656,52.4900016784668,46.74395751953125,475937400
656,2011-10-03,52.02000045776367,54.65999984741211,50.099998474121094,54.06999969482422,48.15099334716797,489453300
657,2011-10-10,54.9900016784668,58.189998626708984,54.88999938964844,58.18000030517578,51.81108093261719,329394200
658,2011-10-17,57.90999984741211,58.290000915527344,55.790000915527344,57.29999923706055,51.02741241455078,365069400
659,2011-10-24,57.5099983215332,59.20000076293945,56.209999084472656,58.939998626708984,52.48788070678711,372348000
660,2011-10-31,58.43000030517578,58.63999938964844,56.119998931884766,57.79999923706055,51.472686767578125,365979000
661,2011-11-07,57.7599983215332,58.97999954223633,56.22999954223633,57.849998474121094,51.517215728759766,318528300
662,2011-11-14,57.689998626708984,58.36000061035156,55.29999923706055,55.400001525878906,49.335391998291016,327288200
663,2011-11-21,54.650001525878906,54.72999954223633,52.869998931884766,52.880001068115234,47.09126281738281,178109200
664,2011-11-28,54.16999816894531,57.34000015258789,54.13999938964844,56.619998931884766,50.421852111816406,247987100
665,2011-12-05,57.470001220703125,57.619998931884766,56.0099983215332,57.02000045776367,50.7780647277832,231188900
666,2011-12-12,56.41999816894531,57.0099983215332,54.58000183105469,54.86000061035156,48.85451889038086,307364000
667,2011-12-19,55.06999969482422,56.08000183105469,54.16999816894531,56.08000183105469,50.08828353881836,273973700
668,2011-12-26,55.9900016784668,56.41999816894531,55.439998626708984,55.83000183105469,49.864990234375,109533900
669,2012-01-02,56.90999984741211,57.939998626708984,56.560001373291016,57.810001373291016,51.678611755371094,156503300
670,2012-01-09,57.959999084472656,58.470001220703125,57.43000030517578,58.18000030517578,52.009368896484375,174458200
671,2012-01-16,58.689998626708984,59.970001220703125,58.4900016784668,59.77000045776367,53.43071365356445,179299700
672,2012-01-23,59.779998779296875,60.79999923706055,59.40999984741211,60.400001525878906,53.993900299072266,224375300
673,2012-01-30,59.88999938964844,62.119998931884766,59.65999984741211,62.04999923706055,55.46890640258789,223221500
674,2012-02-06,61.81999969482422,62.97999954223633,61.65999984741211,62.470001220703125,55.844356536865234,212595000
675,2012-02-13,62.939998626708984,63.86000061035156,62.630001068115234,63.43000030517578,56.70254898071289,353922100
676,2012-02-20,63.5,64.06999969482422,63.09000015258789,63.959999084472656,57.17631530761719,176930900
677,2012-02-27,63.61000061035156,65.08000183105469,63.33000183105469,64.87000274658203,57.98979568481445,247097500
678,2012-03-05,64.83000183105469,65.13999938964844,63.22999954223633,65.0199966430664,58.123897552490234,229997500
679,2012-03-12,65.0,66.81999969482422,64.72000122070312,66.5199966430664,59.46479415893555,272727600
680,2012-03-19,66.62999725341797,67.48999786376953,66.44999694824219,66.94000244140625,59.941837310791016,250400500
681,2012-03-26,67.38999938964844,68.51000213623047,67.19999694824219,67.55000305175781,60.48809051513672,216011600
682,2012-04-02,67.4800033569336,68.55000305175781,66.91000366210938,67.72000122070312,60.64030075073242,182639500
683,2012-04-09,66.87999725341797,67.4800033569336,65.91999816894531,66.19000244140625,59.270259857177734,281747300
684,2012-04-16,66.5199966430664,67.16999816894531,65.23999786376953,65.68000030517578,58.81356430053711,288504300
685,2012-04-23,65.05999755859375,67.44999694824219,64.44999694824219,67.23999786376953,60.21049880981445,265506100
686,2012-04-30,67.04000091552734,67.62999725341797,64.69000244140625,64.69999694824219,57.936012268066406,272582400
687,2012-05-07,64.30999755859375,65.06999969482422,63.47999954223633,64.18000030517578,57.47037124633789,305191600
688,2012-05-14,63.630001068115234,64.2699966430664,60.7599983215332,60.810001373291016,54.45269775390625,307844900
689,2012-05-21,60.93000030517578,62.95000076293945,60.849998474121094,62.06999969482422,55.58097457885742,296589000
690,2012-05-28,62.650001525878906,63.150001525878906,60.38999938964844,60.40999984741211,54.09450912475586,227339400
691,2012-06-04,60.58000183105469,63.18000030517578,60.040000915527344,62.869998931884766,56.297332763671875,258963800
692,2012-06-11,63.349998474121094,63.380001068115234,61.68000030517578,62.9900016784668,56.404788970947266,257358300
693,2012-06-18,62.72999954223633,64.56999969482422,62.619998931884766,63.349998474121094,56.8575325012207,192054300
694,2012-06-25,62.83000183105469,64.16000366210938,61.540000915527344,64.16000366210938,57.58452606201172,194008000
695,2012-07-02,64.25,65.25,63.650001525878906,64.12000274658203,57.548614501953125,127021000
696,2012-07-09,64.05000305175781,64.51000213623047,61.86000061035156,63.380001068115234,56.884456634521484,216463600
697,2012-07-16,63.2400016784668,65.30999755859375,62.630001068115234,64.23999786376953,57.656333923339844,208169800
698,2012-07-23,62.9900016784668,64.98999786376953,62.150001525878906,64.87000274658203,58.22175216674805,236741100
699,2012-07-30,65.02999877929688,65.87999725341797,63.90999984741211,65.5999984741211,58.876949310302734,185982100
700,2012-08-06,65.94000244140625,66.91999816894531,65.80000305175781,66.86000061035156,60.007816314697266,113508600
701,2012-08-13,66.83999633789062,68.33000183105469,66.5,68.31999969482422,61.318172454833984,131494100
702,2012-08-20,68.2699966430664,68.87999725341797,67.5999984741211,68.29000091552734,61.291255950927734,180055900
703,2012-08-27,68.58000183105469,68.66999816894531,67.47000122070312,68.16000366210938,61.174564361572266,141235100
704,2012-09-03,68.02999877929688,69.55000305175781,67.41999816894531,69.43000030517578,62.31441879272461,134205100
705,2012-09-10,69.25,70.43000030517578,68.20999908447266,70.18000030517578,62.98756790161133,181801600
706,2012-09-17,70.22000122070312,70.58000183105469,69.87000274658203,70.1500015258789,62.960628509521484,161651500
707,2012-09-24,69.56999969482422,70.08000183105469,67.8499984741211,68.56999969482422,61.718055725097656,161863700
708,2012-10-01,68.9000015258789,69.80000305175781,68.12999725341797,68.9800033569336,62.08711242675781,160542100
709,2012-10-08,68.58000183105469,68.72000122070312,66.55000305175781,66.68000030517578,60.016937255859375,199380400
710,2012-10-15,66.93000030517578,68.30000305175781,65.5999984741211,65.68000030517578,59.11685562133789,226690300
711,2012-10-22,65.6500015258789,66.19000244140625,64.6500015258789,65.3499984741211,58.81982421875,237986900
712,2012-10-29,65.2699966430664,66.20999908447266,64.7300033569336,65.16999816894531,58.657814025878906,109552500
713,2012-11-05,65.18000030517578,66.16999816894531,63.15999984741211,63.43000030517578,57.09169006347656,238568800
714,2012-11-12,63.79999923706055,63.869998931884766,61.310001373291016,62.29999923706055,56.074607849121094,284604600
715,2012-11-19,62.97999954223633,64.91999816894531,62.959999084472656,64.9000015258789,58.414798736572266,143393700
716,2012-11-26,64.73999786376953,66.13999938964844,64.25,65.80000305175781,59.22488784790039,164188800
717,2012-12-03,66.30999755859375,66.37000274658203,64.52999877929688,64.93000030517578,58.44179916381836,209502400
718,2012-12-10,64.75,66.33999633789062,64.47000122070312,64.69000244140625,58.22578048706055,204986100
719,2012-12-17,64.75,66.76000213623047,64.5999984741211,65.19999694824219,58.68482971191406,224638600
720,2012-12-24,65.02999877929688,65.18000030517578,63.599998474121094,63.779998779296875,57.72644805908203,119184900
721,2012-12-31,63.709999084472656,67.33999633789062,63.58000183105469,66.62999725341797,60.30592346191406,209578900
722,2013-01-07,66.45999908447266,67.29000091552734,66.16999816894531,67.26000213623047,60.87615966796875,139788000
723,2013-01-14,66.91999816894531,67.4800033569336,66.33000183105469,67.06999969482422,60.70417785644531,166282300
724,2013-01-21,67.13999938964844,67.79000091552734,66.55999755859375,67.0,60.640811920166016,145935200
725,2013-01-28,67.01000213623047,67.77999877929688,66.62999725341797,67.66000366210938,61.23818588256836,190917100
726,2013-02-04,67.2699966430664,68.12999725341797,66.45999908447266,67.98999786376953,61.53687286376953,213052300
727,2013-02-11,68.02999877929688,68.2300033569336,67.55999755859375,67.75,61.31964874267578,113015400
728,2013-02-18,67.87999725341797,68.26000213623047,66.2300033569336,67.13999938964844,60.76755142211914,129460400
729,2013-02-25,67.56999969482422,67.80999755859375,65.95999908447266,67.37999725341797,60.984764099121094,179530400
730,2013-03-04,67.16000366210938,69.0199966430664,67.06999969482422,68.7699966430664,62.24281311035156,131969300
731,2013-03-11,68.68000030517578,69.01000213623047,68.33999633789062,68.51000213623047,62.00749588012695,147344000
732,2013-03-18,67.87999725341797,68.86000061035156,67.62000274658203,68.58999633789062,62.22357940673828,156211500
733,2013-03-25,68.80999755859375,69.05999755859375,68.01000213623047,68.97000122070312,62.568328857421875,90837300
734,2013-04-01,69.0199966430664,69.2699966430664,67.19000244140625,67.86000061035156,61.561336517333984,180574100
735,2013-04-08,67.88999938964844,70.16999816894531,67.69000244140625,69.94000244140625,63.44830322265625,174111600
736,2013-04-15,69.68000030517578,69.79000091552734,66.87999725341797,68.08999633789062,61.7700080871582,236544200
737,2013-04-22,68.33000183105469,70.05000305175781,68.08000183105469,69.56999969482422,63.11263656616211,182508000
738,2013-04-29,69.79000091552734,72.33999633789062,69.76000213623047,72.12000274658203,65.42594909667969,156142900
739,2013-05-06,72.25,73.0999984741211,72.08999633789062,73.05000305175781,66.26961517333984,119335400
740,2013-05-13,72.93000030517578,74.33000183105469,72.86000061035156,74.30000305175781,67.40361785888672,151322200
741,2013-05-20,74.16000366210938,74.94999694824219,72.76000213623047,73.41000366210938,66.5962142944336,185528000
742,2013-05-27,74.2699966430664,74.54000091552734,73.12000274658203,73.25,66.45105743408203,129885500
743,2013-06-03,73.26000213623047,73.81999969482422,71.47000122070312,73.38999938964844,66.57806396484375,226013100
744,2013-06-10,73.52999877929688,73.76000213623047,71.55000305175781,72.27999877929688,65.57109069824219,163663000
745,2013-06-17,72.8499984741211,73.72000122070312,69.83999633789062,70.43000030517578,63.892791748046875,212907400
746,2013-06-24,69.8499984741211,71.69000244140625,69.1500015258789,71.2699966430664,64.85938262939453,145978100
747,2013-07-01,71.75,72.61000061035156,71.3499984741211,72.58000183105469,66.0515365600586,95654100
748,2013-07-08,72.95999908447266,75.3499984741211,72.37999725341797,75.30000305175781,68.52688598632812,151447500
749,2013-07-15,75.37999725341797,75.73999786376953,74.37000274658203,74.58999633789062,67.8807601928711,150173400
750,2013-07-22,74.87000274658203,75.37999725341797,74.19999694824219,75.37000274658203,68.59061431884766,114350100
751,2013-07-29,75.22000122070312,76.98999786376953,75.02999877929688,76.97000122070312,70.04667663574219,105055900
752,2013-08-05,76.93000030517578,77.08000183105469,75.87000274658203,76.48999786376953,69.60984802246094,97971900
753,2013-08-12,76.19999694824219,77.2699966430664,75.29000091552734,75.4800033569336,68.69070434570312,137585500
754,2013-08-19,75.48999786376953,76.7699966430664,75.13999938964844,76.66999816894531,69.77366638183594,117101600
755,2013-08-26,76.7300033569336,77.27999877929688,74.95999908447266,75.47000122070312,68.68160247802734,141601200
756,2013-09-02,76.08999633789062,77.33999633789062,75.54000091552734,76.93000030517578,70.01029205322266,99909200
757,2013-09-09,77.26000213623047,78.31999969482422,77.2300033569336,78.05999755859375,71.03862762451172,116179400
758,2013-09-16,78.72000122070312,79.69000244140625,77.66999816894531,78.98999786376953,71.88497924804688,137357900
759,2013-09-23,79.31999969482422,79.41000366210938,78.4000015258789,79.06999969482422,72.1738510131836,122510400
760,2013-09-30,78.25,79.76000213623047,78.0,79.4000015258789,72.4750747680664,152516300
761,2013-10-07,78.69999694824219,79.3499984741211,76.3499984741211,79.2300033569336,72.31990814208984,201691300
762,2013-10-14,78.73999786376953,82.18000030517578,78.68000030517578,82.1500015258789,74.9852523803711,188713500
763,2013-10-21,82.33999633789062,83.27999877929688,81.55000305175781,82.9000015258789,75.66980743408203,172122600
764,2013-10-28,82.91000366210938,83.48999786376953,82.4000015258789,82.80999755859375,75.587646484375,161209700
765,2013-11-04,83.05999755859375,83.4000015258789,81.37000274658203,82.54000091552734,75.34123229980469,154030100
766,2013-11-11,82.41999816894531,83.95999908447266,82.0,83.95999908447266,76.63735961914062,127889800
767,2013-11-18,83.94000244140625,84.11000061035156,82.45999908447266,83.98999786376953,76.66474914550781,142888600
768,2013-11-25,84.29000091552734,85.83999633789062,83.9800033569336,85.7300033569336,78.25302124023438,86663100
769,2013-12-02,85.83000183105469,86.18000030517578,84.77999877929688,86.0,78.49947357177734,177367000
770,2013-12-09,86.3499984741211,86.52999877929688,84.70999908447266,84.8499984741211,77.4497299194336,154121100
771,2013-12-16,85.2699966430664,86.68000030517578,84.05000305175781,86.5,78.95585632324219,203184100
772,2013-12-23,87.20999908447266,87.9000015258789,86.94999694824219,87.5199966430664,80.1406478881836,73102800
773,2013-12-30,87.38999938964844,87.95999908447266,86.62000274658203,86.63999938964844,79.33483123779297,108775400
774,2014-01-06,86.66000366210938,87.63999938964844,86.0,87.30000305175781,79.93919372558594,146814700
775,2014-01-13,87.18000030517578,88.54000091552734,85.68000030517578,87.87999725341797,80.47028350830078,194382700
776,2014-01-20,88.44000244140625,89.0,86.70999908447266,86.73999786376953,79.42639923095703,154776100
777,2014-01-27,86.73999786376953,86.88999938964844,84.76000213623047,86.2699966430664,78.99601745605469,270858000
778,2014-02-03,86.11000061035156,87.36000061035156,83.73999786376953,87.30000305175781,79.93919372558594,215662200
779,2014-02-10,87.2699966430664,90.01000213623047,87.20999908447266,89.80999755859375,82.23754119873047,175015000
780,2014-02-17,89.95999908447266,90.47000122070312,89.30999755859375,89.93000030517578,82.347412109375,144303500
781,2014-02-24,90.13999938964844,90.95999908447266,89.54000091552734,90.33999633789062,82.72284698486328,178578000
782,2014-03-03,89.48999786376953,91.36000061035156,88.87000274658203,90.52999877929688,83.24095153808594,154509700
783,2014-03-10,90.4800033569336,91.05999755859375,88.62999725341797,88.66999816894531,81.53070831298828,160867500
784,2014-03-17,89.23999786376953,90.66000366210938,88.83000183105469,89.0,81.83415985107422,194975300
785,2014-03-24,89.31999969482422,89.38999938964844,86.4000015258789,87.05000305175781,80.22416687011719,265068600
786,2014-03-31,87.7300033569336,89.68000030517578,86.13999938964844,86.37000274658203,79.59751892089844,268772000
787,2014-04-07,85.83000183105469,87.87999725341797,83.91000366210938,84.11000061035156,77.51470184326172,348493700
788,2014-04-14,84.8499984741211,86.62999725341797,83.27999877929688,86.19999694824219,79.44082641601562,231822600
789,2014-04-21,86.4000015258789,88.20999908447266,85.9800033569336,86.19000244140625,79.43162536621094,192178300
790,2014-04-28,86.5999984741211,88.1500015258789,85.11000061035156,87.48999786376953,80.62966918945312,211257300
791,2014-05-05,86.97000122070312,87.97000122070312,85.52999877929688,86.80000305175781,79.99378204345703,210750400
792,2014-05-12,87.31999969482422,88.61000061035156,86.58000183105469,87.70999908447266,80.8324203491211,222231000
793,2014-05-19,87.44999694824219,89.9000015258789,87.30000305175781,89.87999725341797,82.832275390625,155875100
794,2014-05-26,90.27999877929688,91.44999694824219,90.19999694824219,91.30999755859375,84.150146484375,123135800
795,2014-06-02,91.41999816894531,92.81999969482422,90.63999938964844,92.81999969482422,85.54174041748047,130566400
796,2014-06-09,92.83999633789062,93.0199966430664,91.7300033569336,92.31999969482422,85.0809326171875,141626700
797,2014-06-16,92.16000366210938,93.16999816894531,91.95999908447266,92.7699966430664,85.49566650390625,144023900
798,2014-06-23,92.76000213623047,93.7699966430664,92.43000030517578,93.75,86.63099670410156,131044000
799,2014-06-30,93.7300033569336,95.69999694824219,93.66999816894531,95.69999694824219,88.43292236328125,85683400
800,2014-07-07,95.58999633789062,95.70999908447266,93.62999725341797,95.2699966430664,88.03558349609375,157609400
801,2014-07-14,95.69999694824219,96.30000305175781,94.31999969482422,96.12000274658203,88.8210220336914,160892800
802,2014-07-21,95.91999816894531,97.51000213623047,95.55000305175781,96.73999786376953,89.39396667480469,139074700
803,2014-07-28,96.83999633789062,97.31999969482422,94.04000091552734,94.66999816894531,87.48114013671875,198730000
804,2014-08-04,94.87000274658203,95.69000244140625,93.88999938964844,94.9000015258789,87.69366455078125,191505100
805,2014-08-11,95.2699966430664,97.62999725341797,94.93000030517578,97.4000015258789,90.00384521484375,164638400
806,2014-08-18,97.91000366210938,99.25,97.7699966430664,99.05000305175781,91.52853393554688,127768800
807,2014-08-25,99.5199966430664,99.91000366210938,99.08000183105469,99.77999877929688,92.20308685302734,101284400
808,2014-09-01,100.0199966430664,100.33999633789062,99.02999877929688,99.88999938964844,92.30473327636719,99739200
809,2014-09-08,99.91999816894531,100.45999908447266,99.05999755859375,99.4800033569336,91.92587280273438,152236900
810,2014-09-15,99.58999633789062,100.55999755859375,98.05000305175781,99.9800033569336,92.38792419433594,185450300
811,2014-09-22,99.73999786376953,99.88999938964844,97.69999694824219,98.77999877929688,91.49618530273438,243355300
812,2014-09-29,97.80000305175781,99.30000305175781,95.97000122070312,98.16999816894531,90.93115234375,229471000
813,2014-10-06,98.4800033569336,98.76000213623047,94.41999816894531,94.44000244140625,87.47618865966797,286200800
814,2014-10-13,94.2699966430664,94.98999786376953,90.23999786376953,93.0,86.14238739013672,424210700
815,2014-10-20,92.98999786376953,98.69000244140625,92.80000305175781,98.62000274658203,91.34799194335938,225548500
816,2014-10-27,98.43000030517578,101.75,98.0199966430664,101.4000015258789,93.9229736328125,194783500
817,2014-11-03,101.58000183105469,102.02999877929688,100.66999816894531,101.5999984741211,94.10826110839844,127676500
818,2014-11-10,101.6500015258789,103.27999877929688,101.37999725341797,103.22000122070312,95.60877990722656,105143400
819,2014-11-17,102.9800033569336,104.69000244140625,102.41999816894531,103.87000274658203,96.21089172363281,130381700
820,2014-11-24,104.1500015258789,106.25,104.05999755859375,106.01000213623047,98.19307708740234,71788500
821,2014-12-01,105.72000122070312,105.91999816894531,104.41999816894531,105.37999725341797,97.6095199584961,151606100
822,2014-12-08,105.11000061035156,105.56999969482422,102.66000366210938,102.66999816894531,95.09932708740234,212516400
823,2014-12-15,103.19999694824219,104.73999786376953,99.91999816894531,104.31999969482422,96.62767028808594,299293100
824,2014-12-22,104.1500015258789,105.26000213623047,104.08999633789062,105.04000091552734,97.65711975097656,92241700
825,2014-12-29,104.94000244140625,105.25,102.44000244140625,102.94000244140625,95.7047119140625,91359500
826,2015-01-05,102.48999786376953,103.6500015258789,99.62000274658203,102.62000274658203,95.4072036743164,221926900
827,2015-01-12,102.81999969482422,103.62000274658203,99.36000061035156,100.81999969482422,93.73371124267578,228013900
828,2015-01-19,101.43000030517578,104.58000183105469,100.29000091552734,104.26000213623047,96.93194580078125,146763100
829,2015-01-26,104.13999938964844,104.33000183105469,99.95999908447266,101.0999984741211,93.99403381347656,198273100
830,2015-02-02,101.33000183105469,104.16999816894531,99.75,103.12999725341797,95.8813705444336,166223100
831,2015-02-09,102.7300033569336,106.93000030517578,102.55000305175781,106.91000366210938,99.39568328857422,118145300
832,2015-02-16,106.91000366210938,108.47000122070312,106.63999938964844,108.41000366210938,100.79025268554688,80989700
833,2015-02-23,108.3499984741211,108.94000244140625,108.05000305175781,108.4000015258789,100.78096008300781,107098400
834,2015-03-02,108.61000061035156,109.41999816894531,107.13999938964844,107.41000366210938,99.86054992675781,111156300
835,2015-03-09,107.62999725341797,107.98999786376953,104.68000030517578,105.33999633789062,97.93603515625,149425600
836,2015-03-16,105.7300033569336,109.06999969482422,105.62000274658203,108.52999877929688,100.90180969238281,148975500
837,2015-03-23,108.47000122070312,108.80999755859375,104.23999786376953,105.5199966430664,98.32899475097656,163019900
838,2015-03-30,106.16000366210938,106.81999969482422,104.37000274658203,105.12000274658203,97.95625305175781,113193000
839,2015-04-06,104.5,107.76000213623047,104.33999633789062,107.75,100.40702819824219,109976400
840,2015-04-13,107.83000183105469,108.37999725341797,105.55000305175781,106.01000213623047,98.78561401367188,125377100
841,2015-04-20,106.54000091552734,110.69000244140625,106.5,110.54000091552734,103.00689697265625,135116200
842,2015-04-27,110.94999694824219,111.16000366210938,107.05999755859375,109.05000305175781,101.61842346191406,178969200
843,2015-05-04,109.4000015258789,109.91000366210938,106.0,108.69000244140625,101.2829818725586,176396900
844,2015-05-11,108.76000213623047,110.01000213623047,106.80000305175781,109.58000183105469,102.11233520507812,121924300
845,2015-05-18,109.4000015258789,110.87000274658203,109.31999969482422,110.47000122070312,102.94168090820312,83291500
846,2015-05-25,110.2300033569336,111.08000183105469,108.76000213623047,110.05000305175781,102.55030059814453,103746500
847,2015-06-01,110.63999938964844,110.80999755859375,108.62999725341797,109.30000305175781,101.85140991210938,118543300
848,2015-06-08,109.25,110.1500015258789,107.19999694824219,108.75,101.33888244628906,127197000
849,2015-06-15,107.94000244140625,110.87999725341797,107.30999755859375,109.88999938964844,102.40118408203125,141902400
850,2015-06-22,110.69999694824219,111.12999725341797,108.86000061035156,109.2699966430664,102.05763244628906,103703100
851,2015-06-29,108.05999755859375,108.66000366210938,106.63999938964844,107.94999694824219,100.82474517822266,127477200
852,2015-07-06,107.2699966430664,108.31999969482422,105.83000183105469,107.6500015258789,100.5445556640625,163030100
853,2015-07-13,108.58000183105469,113.58999633789062,108.56999969482422,113.58999633789062,106.09248352050781,142155100
854,2015-07-20,113.83000183105469,114.38999938964844,110.93000030517578,111.0999984741211,103.76685333251953,154125900
855,2015-07-27,110.47000122070312,112.48999786376953,109.79000091552734,111.94999694824219,104.56074523925781,143782200
856,2015-08-03,111.97000122070312,113.0,109.4000015258789,110.30999755859375,103.02900695800781,148256200
857,2015-08-10,111.01000213623047,111.80999755859375,108.22000122070312,110.51000213623047,103.21578216552734,139948500
858,2015-08-17,110.23999786376953,111.45999908447266,102.4000015258789,102.4000015258789,95.64110565185547,233231400
859,2015-08-24,94.2300033569336,106.0,84.73999786376953,105.62000274658203,98.64856719970703,449319300
860,2015-08-31,105.02999877929688,105.61000061035156,100.62999725341797,102.16000366210938,95.41693878173828,251179900
861,2015-09-07,104.12000274658203,106.30999755859375,103.58999633789062,105.56999969482422,98.60183715820312,161283000
862,2015-09-14,105.95999908447266,108.7300033569336,104.8499984741211,105.3499984741211,98.39640808105469,185591900
863,2015-09-21,105.93000030517578,106.55000305175781,102.2699966430664,102.91999816894531,96.36062622070312,187891700
864,2015-09-28,102.4800033569336,104.01000213623047,98.75,104.01000213623047,97.38115692138672,233514400
865,2015-10-05,104.77999877929688,106.7300033569336,104.18000030517578,106.52999877929688,99.74059295654297,177399400
866,2015-10-12,106.7300033569336,108.18000030517578,105.48999786376953,108.12000274658203,101.22921752929688,139549100
867,2015-10-19,107.9800033569336,113.23999786376953,107.4800033569336,112.77999877929688,105.59223937988281,173325800
868,2015-10-26,112.69999694824219,114.08000183105469,112.2699966430664,113.33000183105469,106.10720825195312,151642900
869,2015-11-02,113.62999725341797,115.47000122070312,113.38999938964844,114.79000091552734,107.47413635253906,126157300
870,2015-11-09,114.36000061035156,114.51000213623047,109.77999877929688,109.83999633789062,102.83958435058594,175713600
871,2015-11-16,109.7300033569336,114.56999969482422,109.4800033569336,114.4800033569336,107.18388366699219,146442300
872,2015-11-23,114.5199966430664,114.94000244140625,112.83999633789062,114.30999755859375,107.02473449707031,70058500
873,2015-11-30,114.6500015258789,115.75,111.83999633789062,115.13999938964844,107.80182647705078,158868100
874,2015-12-07,115.22000122070312,115.29000091552734,110.72000122070312,110.79000091552734,103.72907257080078,191370700
875,2015-12-14,110.94000244140625,114.4800033569336,109.37999725341797,109.83000183105469,102.83024597167969,245885500
876,2015-12-21,110.87000274658203,112.9000015258789,110.05000305175781,112.58999633789062,105.73628997802734,90098600
877,2015-12-28,112.31999969482422,114.55000305175781,111.51000213623047,111.86000061035156,105.05074310302734,96316200
878,2016-01-04,109.44999694824219,110.18000030517578,103.9000015258789,104.01000213623047,97.67858123779297,262224200
879,2016-01-11,104.75,106.2300033569336,99.51000213623047,100.83999633789062,94.70156860351562,336518600
880,2016-01-18,102.20999908447266,103.80999755859375,97.25,103.7699966430664,97.45319366455078,247128700
881,2016-01-25,103.4000015258789,104.16999816894531,100.1500015258789,104.12999725341797,97.79129028320312,231436700
882,2016-02-01,103.62999725341797,104.80000305175781,97.72000122070312,98.12000274658203,92.1471176147461,259322800
883,2016-02-08,96.29000091552734,98.69000244140625,94.83999633789062,98.0199966430664,92.05320739746094,350898900
884,2016-02-15,99.47000122070312,102.83999633789062,98.8499984741211,101.62999725341797,95.44348907470703,149581800
885,2016-02-22,102.58000183105469,104.37000274658203,99.7699966430664,103.43000030517578,97.1338882446289,154902200
886,2016-02-29,103.33000183105469,106.3499984741211,102.5,105.66999816894531,99.23755645751953,151593500
887,2016-03-07,105.12999725341797,106.48999786376953,103.30999755859375,106.48999786376953,100.0075912475586,161497200
888,2016-03-14,106.08999633789062,107.86000061035156,105.94999694824219,107.37000274658203,100.83407592773438,150898600
889,2016-03-21,107.18000030517578,108.37000274658203,106.52999877929688,107.26000213623047,101.0295639038086,76059100
890,2016-03-28,107.55999755859375,110.4000015258789,106.7300033569336,110.36000061035156,103.94947814941406,115499600
891,2016-04-04,110.36000061035156,110.70999908447266,108.61000061035156,109.0,102.6684799194336,113792100
892,2016-04-11,109.47000122070312,111.33000183105469,108.0199966430664,110.63999938964844,104.21321105957031,118245900
893,2016-04-18,110.31999969482422,111.44000244140625,108.12000274658203,108.9800033569336,102.649658203125,136975800
894,2016-04-25,108.6500015258789,109.38999938964844,104.87999725341797,105.72000122070312,99.57902526855469,163851000
895,2016-05-02,105.98999786376953,106.87000274658203,104.4000015258789,105.58000183105469,99.4471435546875,142404300
896,2016-05-09,105.58999633789062,107.48999786376953,105.13999938964844,105.5,99.37179565429688,111690400
897,2016-05-16,105.66000366210938,107.20999908447266,104.54000091552734,106.47000122070312,100.28545379638672,132653200
898,2016-05-23,106.58999633789062,110.13999938964844,106.2300033569336,110.12999725341797,103.73283386230469,125368700
899,2016-05-30,110.27999877929688,110.5999984741211,109.33999633789062,110.05999755859375,103.66690063476562,79904100
900,2016-06-06,110.26000213623047,110.75,108.55999755859375,108.94000244140625,102.61197662353516,89792000
901,2016-06-13,108.31999969482422,108.93000030517578,106.23999786376953,106.48999786376953,100.30426788330078,135637600
902,2016-06-20,107.7300033569336,108.79000091552734,104.05999755859375,104.29000091552734,98.49372100830078,152818000
903,2016-06-27,103.5999984741211,108.4800033569336,101.75,108.08000183105469,102.07308959960938,164043500
904,2016-07-04,107.51000213623047,110.36000061035156,106.56999969482422,110.30000305175781,104.16968536376953,94366800
905,2016-07-11,110.66999816894531,112.30000305175781,110.66000366210938,111.80000305175781,105.58634185791016,102102700
906,2016-07-18,111.87000274658203,113.77999877929688,111.8499984741211,113.6500015258789,107.33349609375,103537300
907,2016-07-25,113.55999755859375,115.54000091552734,113.22000122070312,115.2300033569336,108.82567596435547,101163000
908,2016-08-01,115.30999755859375,117.04000091552734,114.22000122070312,116.77999877929688,110.28954315185547,86311700
909,2016-08-08,116.83999633789062,117.37000274658203,116.27999877929688,117.19999694824219,110.68618774414062,72671900
910,2016-08-15,117.3499984741211,117.97000122070312,116.43000030517578,117.26000213623047,110.74285888671875,70698800
911,2016-08-22,117.08999633789062,118.01000213623047,116.08000183105469,116.77999877929688,110.28954315185547,92389500
912,2016-08-29,116.80999755859375,117.55999755859375,115.91000366210938,117.12000274658203,110.61062622070312,86230900
913,2016-09-05,117.31999969482422,118.12000274658203,114.26000213623047,114.27999877929688,107.92848205566406,107010700
914,2016-09-12,113.63999938964844,117.81999969482422,113.62999725341797,117.29000091552734,110.77119445800781,179849600
915,2016-09-19,117.58999633789062,119.22000122070312,116.55000305175781,118.33000183105469,112.03338623046875,110676100
916,2016-09-26,117.66000366210938,119.06999969482422,117.1500015258789,118.72000122070312,112.40262603759766,104187300
917,2016-10-03,118.56999969482422,119.16999816894531,117.88999938964844,118.47000122070312,112.16593170166016,86908700
918,2016-10-10,119.08000183105469,119.4800033569336,115.94000244140625,117.13999938964844,110.90669250488281,105863800
919,2016-10-17,117.04000091552734,118.41000366210938,116.66999816894531,118.1500015258789,111.86296081542969,81002300
920,2016-10-24,118.91000366210938,119.66000366210938,116.73999786376953,117.0999984741211,110.86884307861328,114417600
921,2016-10-31,117.52999877929688,117.52999877929688,113.44999694824219,113.6500015258789,107.60240936279297,132410900
922,2016-11-07,115.48999786376953,118.37999725341797,114.19999694824219,115.80000305175781,109.63800048828125,231544100
923,2016-11-14,115.83000183105469,118.0999984741211,114.02999877929688,117.31999969482422,111.07711029052734,121268000
924,2016-11-21,117.61000061035156,119.19000244140625,117.56999969482422,118.80000305175781,112.47837829589844,69207900
925,2016-11-28,118.6500015258789,119.51000213623047,115.22000122070312,115.69999694824219,109.5433349609375,135110700
926,2016-12-05,116.30000305175781,119.54000091552734,115.7699966430664,119.5,113.14112091064453,115776900
927,2016-12-12,118.97000122070312,121.11000061035156,118.47000122070312,119.5999984741211,113.23579406738281,155529400
928,2016-12-19,119.72000122070312,120.83000183105469,119.55000305175781,120.19999694824219,114.1404037475586,65332300
929,2016-12-26,120.45999908447266,121.5199966430664,118.13999938964844,118.4800033569336,112.50711822509766,89102300
930,2017-01-02,119.2699966430664,122.25,118.88999938964844,121.93000030517578,115.783203125,86775300
931,2017-01-09,122.02999877929688,123.37000274658203,121.5999984741211,123.16000366210938,116.95117950439453,92325100
932,2017-01-16,122.83999633789062,123.83000183105469,122.43000030517578,123.25,117.03666687011719,61839900
933,2017-01-23,123.16999816894531,125.91999816894531,122.56999969482422,125.80000305175781,119.4581298828125,81216500
934,2017-01-30,125.37999725341797,125.80999755859375,123.8499984741211,125.68000030517578,119.34416198730469,99018300
935,2017-02-06,125.47000122070312,127.55999755859375,125.3499984741211,127.37999725341797,120.95846557617188,73198700
936,2017-02-13,127.7699966430664,129.82000732421875,127.72000122070312,129.80999755859375,123.26593017578125,84007100
937,2017-02-20,130.05999755859375,130.6999969482422,129.3800048828125,130.25999450683594,123.69324493408203,66704000
938,2017-02-27,130.02000427246094,131.67999267578125,129.66000366210938,131.02000427246094,124.4149169921875,88095200
939,2017-03-06,130.58999633789062,131.60000610351562,130.13999938964844,131.38999938964844,124.76628875732422,86081000
940,2017-03-13,131.33999633789062,132.41000366210938,130.75999450683594,131.69000244140625,125.05116271972656,87152200
941,2017-03-20,131.64999389648438,132.42999267578125,129.67999267578125,130.6300048828125,124.3026351928711,118404300
942,2017-03-27,129.6999969482422,132.74000549316406,129.39999389648438,132.3800048828125,125.96782684326172,91838100
943,2017-04-03,132.49000549316406,133.47999572753906,131.5,131.97000122070312,125.57769012451172,104686800
944,2017-04-10,132.10000610351562,132.57000732421875,130.3800048828125,130.39999389648438,124.08377075195312,89035900
945,2017-04-17,130.77000427246094,132.8800048828125,130.72000122070312,132.55999755859375,126.13909912109375,88364200
946,2017-04-24,134.02999877929688,136.33999633789062,133.8000030517578,135.99000549316406,129.40304565429688,106161200
947,2017-05-01,136.44000244140625,137.5399932861328,136.3800048828125,137.5399932861328,130.87791442871094,100949000
948,2017-05-08,137.61000061035156,138.6300048828125,137.3300018310547,138.60000610351562,131.8865966796875,109176100
949,2017-05-15,138.66000366210938,139.63999938964844,135.8699951171875,137.83999633789062,131.16339111328125,175959500
950,2017-05-22,138.14999389648438,141.3300018310547,138.10000610351562,141.22000122070312,134.37965393066406,92869300
951,2017-05-29,141.14999389648438,143.49000549316406,140.57000732421875,143.4600067138672,136.5111846923828,110879400
952,2017-06-05,143.4499969482422,143.89999389648438,138.11000061035156,139.97999572753906,133.19969177246094,192164000
953,2017-06-12,138.8000030517578,140.92999267578125,137.47000122070312,138.14999389648438,131.4583282470703,318973400
954,2017-06-19,139.49000549316406,141.4199981689453,139.27999877929688,141.24000549316406,134.7648468017578,162058400
955,2017-06-26,142.0500030517578,142.2899932861328,136.25,137.63999938964844,131.329833984375,315463800
956,2017-07-03,138.27000427246094,138.42999267578125,135.8000030517578,137.75999450683594,131.44436645507812,160314500
957,2017-07-10,137.85000610351562,142.3000030517578,137.5,142.1199951171875,135.60450744628906,158035400
958,2017-07-17,142.27000427246094,144.44000244140625,141.63999938964844,144.11000061035156,137.50320434570312,160680500
959,2017-07-24,144.08999633789062,145.9600067138672,142.3000030517578,143.83999633789062,137.24563598632812,192123300
960,2017-07-31,144.25,144.52000427246094,142.61000061035156,143.64999389648438,137.0643310546875,152353400
961,2017-08-07,143.91000366210938,145.47000122070312,140.88999938964844,142.10000610351562,135.58541870117188,194108000
962,2017-08-14,143.22999572753906,144.9600067138672,140.64999389648438,141.22999572753906,134.75527954101562,222526100
963,2017-08-21,141.22000122070312,143.35000610351562,140.17999267578125,141.97000122070312,135.46141052246094,163649200
964,2017-08-28,142.39999389648438,146.58999633789062,141.05999755859375,146.0,139.30657958984375,134277400
965,2017-09-04,145.57000732421875,145.8800048828125,143.60000610351562,144.2100067138672,137.5986785888672,126128200
966,2017-09-11,145.33999633789062,146.58999633789062,145.2899932861328,146.05999755859375,139.3638458251953,167552700
967,2017-09-18,145.91000366210938,146.3699951171875,143.85000610351562,144.32000732421875,137.7036590576172,130509800
968,2017-09-25,143.75,145.55999755859375,142.10000610351562,145.4499969482422,139.0855712890625,185077700
969,2017-10-02,145.6699981689453,147.66000366210938,144.92999267578125,147.66000366210938,141.19891357421875,128571100
970,2017-10-09,147.85000610351562,148.50999450683594,146.9499969482422,148.33999633789062,141.84912109375,78290400
971,2017-10-16,148.7100067138672,149.2100067138672,147.27000427246094,148.7100067138672,142.20297241210938,110019400
972,2017-10-23,149.02000427246094,151.52000427246094,146.3300018310547,151.24000549316406,144.6222381591797,174161000
973,2017-10-30,151.1300048828125,153.2899932861328,150.77000427246094,153.27000427246094,146.56341552734375,144750900
974,2017-11-06,153.14999389648438,154.5399932861328,152.11000061035156,153.67999267578125,146.9554443359375,128145800
975,2017-11-13,153.10000610351562,154.88999938964844,151.77999877929688,153.9499969482422,147.21363830566406,126020600
976,2017-11-20,154.05999755859375,156.30999755859375,153.61000061035156,156.25999450683594,149.4225616455078,66871300
977,2017-11-27,156.2100067138672,156.69000244140625,152.25999450683594,154.49000549316406,147.7300567626953,235478300
978,2017-12-04,155.4600067138672,155.6300048828125,152.05999755859375,154.6999969482422,147.93084716796875,181319000
979,2017-12-11,154.77000427246094,157.82000732421875,154.75999450683594,157.64999389648438,150.75177001953125,139961200
980,2017-12-18,158.36000061035156,158.77000427246094,156.91000366210938,157.3699951171875,150.48402404785156,139201200
981,2017-12-25,156.49000549316406,157.07000732421875,155.6999969482422,155.75999450683594,149.25592041015625,102886700
982,2018-01-01,156.55999755859375,162.02999877929688,156.1699981689453,161.9199981689453,155.15872192382812,113725300
983,2018-01-08,161.9199981689453,164.66000366210938,161.1199951171875,164.49000549316406,157.62144470214844,140181700
984,2018-01-15,165.5800018310547,166.61000061035156,163.52999877929688,166.33999633789062,159.39410400390625,140451500
985,2018-01-22,166.27999877929688,170.9499969482422,166.08999633789062,170.92999267578125,163.79246520996094,179321700
986,2018-01-29,170.57000732421875,170.91000366210938,164.47000122070312,164.61000061035156,157.73638916015625,231230700
987,2018-02-05,163.07000732421875,165.75,150.1300048828125,156.10000610351562,149.58177185058594,522959800
988,2018-02-12,157.6999969482422,166.75999450683594,156.4600067138672,164.9600067138672,158.07179260253906,260833800
989,2018-02-19,164.3800048828125,168.1699981689453,164.30999755859375,168.1699981689453,161.14772033691406,165118700
990,2018-02-26,168.9600067138672,170.72999572753906,161.9600067138672,165.99000549316406,159.05874633789062,258667900
991,2018-03-05,165.2100067138672,173.16000366210938,164.58999633789062,173.16000366210938,165.92938232421875,166769400
992,2018-03-12,173.6699981689453,175.2100067138672,170.89999389648438,171.02000427246094,163.87875366210938,193797400
993,2018-03-19,169.10000610351562,169.22000122070312,158.42999267578125,158.50999450683594,151.89112854003906,296052000
994,2018-03-26,161.72000122070312,165.6199951171875,156.0399932861328,160.1300048828125,153.69241333007812,294432900
995,2018-04-02,158.99000549316406,161.5800018310547,153.8800048828125,156.6300048828125,150.33311462402344,318333900
996,2018-04-09,157.97999572753906,163.25999450683594,157.4600067138672,161.3699951171875,154.88255310058594,206802100
997,2018-04-16,162.5,167.0,161.47999572753906,162.3000030517578,155.77516174316406,177193600
998,2018-04-23,163.08999633789062,164.41000366210938,156.47000122070312,162.08999633789062,155.57362365722656,249435600
999,2018-04-30,162.47000122070312,165.25,159.22000122070312,164.8699951171875,158.2418212890625,212655900
1000,2018-05-07,165.63999938964844,169.86000061035156,164.86000061035156,169.4600067138672,162.64730834960938,139419500
1001,2018-05-14,169.85000610351562,170.82000732421875,166.97999572753906,167.4600067138672,160.72769165039062,147822600
1002,2018-05-21,168.75999450683594,170.3300018310547,166.8800048828125,169.72000122070312,162.89688110351562,124147100
1003,2018-05-28,168.9499969482422,172.83999633789062,167.9600067138672,172.74000549316406,165.79542541503906,145100500
1004,2018-06-04,173.17999267578125,175.92999267578125,173.07000732421875,174.44000244140625,167.42710876464844,141656100
1005,2018-06-11,174.30999755859375,177.88999938964844,174.27999877929688,176.97999572753906,169.86495971679688,168221800
1006,2018-06-18,175.49000549316406,177.97999572753906,173.7100067138672,175.32000732421875,168.27174377441406,176449800
1007,2018-06-25,173.72999572753906,173.99000549316406,169.1699981689453,171.64999389648438,165.1018829345703,252467500
1008,2018-07-02,170.0399932861328,175.74000549316406,169.6699981689453,175.61000061035156,168.9108123779297,125914500
1009,2018-07-09,176.52000427246094,179.89999389648438,175.8000030517578,179.61000061035156,172.7582244873047,137525100
1010,2018-07-16,179.64999389648438,180.64999389648438,177.27999877929688,178.99000549316406,172.16189575195312,142651600
1011,2018-07-23,178.4600067138672,182.92999267578125,176.60000610351562,177.6199951171875,170.84414672851562,194441200
1012,2018-07-30,177.6300048828125,180.08999633789062,174.27000427246094,180.0800018310547,173.2103271484375,220692600
1013,2018-08-06,179.9600067138672,182.6300048828125,179.74000549316406,180.52000427246094,173.63351440429688,130056600
1014,2018-08-13,180.85000610351562,182.00999450683594,178.1199951171875,179.86000061035156,172.99868774414062,169334600
1015,2018-08-20,180.25999450683594,182.6300048828125,179.0,182.47999572753906,175.5187530517578,118152400
1016,2018-08-27,183.39999389648438,187.52000427246094,183.11000061035156,186.64999389648438,179.5297088623047,136764900
1017,2018-09-03,186.0800018310547,186.39999389648438,180.44000244140625,181.11000061035156,174.2010040283203,164407700
1018,2018-09-10,182.14999389648438,184.9499969482422,180.52000427246094,183.99000549316406,176.97116088867188,154809800
1019,2018-09-17,183.67999267578125,185.47999572753906,181.1699981689453,183.7100067138672,176.70184326171875,168693100
1020,2018-09-24,182.0500030517578,186.49000549316406,181.3000030517578,185.7899932861328,178.7024688720703,157623800
1021,2018-10-01,186.8699951171875,187.52999877929688,178.42999267578125,180.14999389648438,173.58944702148438,246001500
1022,2018-10-08,179.52000427246094,181.02000427246094,167.80999755859375,174.32000732421875,167.97178649902344,475596400
1023,2018-10-15,173.7100067138672,178.25999450683594,171.55999755859375,173.02000427246094,166.71913146972656,369262500
1024,2018-10-22,174.05999755859375,175.25,164.22999572753906,166.66000366210938,160.5907440185547,447925700
1025,2018-10-29,169.2100067138672,172.5500030517578,160.08999633789062,169.3800048828125,163.21170043945312,406958100
1026,2018-11-05,169.60000610351562,175.5800018310547,167.0800018310547,171.52000427246094,165.2737274169922,216052700
1027,2018-11-12,170.32000732421875,170.63999938964844,163.4600067138672,167.5,161.40011596679688,340622200
1028,2018-11-19,166.6999969482422,166.89999389648438,157.1300048828125,159.2100067138672,153.41201782226562,236402800
1029,2018-11-26,161.44000244140625,169.47000122070312,160.75999450683594,169.3699951171875,163.20201110839844,230370200
1030,2018-12-03,173.11000061035156,173.30999755859375,160.86000061035156,161.3800048828125,155.50302124023438,273514100
1031,2018-12-10,161.0800018310547,167.60000610351562,159.41000366210938,161.0800018310547,155.21395874023438,289725000
1032,2018-12-17,160.38999938964844,161.6699981689453,146.72000122070312,147.57000732421875,142.1959228515625,460464200
1033,2018-12-24,146.0800018310547,155.58999633789062,143.4600067138672,152.97000122070312,147.39926147460938,318826300
1034,2018-12-31,154.47000122070312,157.0,149.49000549316406,156.22999572753906,150.97125244140625,261121500
1035,2019-01-07,156.6199951171875,161.52000427246094,156.11000061035156,160.69000244140625,155.28114318847656,217059700
1036,2019-01-14,159.3300018310547,166.02000427246094,158.58999633789062,165.25,159.6876678466797,201908800
1037,2019-01-21,164.05999755859375,165.64999389648438,160.32000732421875,165.14999389648438,159.5909881591797,163751500
1038,2019-01-28,163.02000427246094,168.99000549316406,160.99000549316406,167.4499969482422,161.8135986328125,175024000
1039,2019-02-04,167.47999572753906,171.3699951171875,166.57000732421875,168.55999755859375,162.88624572753906,153902100
1040,2019-02-11,169.1699981689453,172.55999755859375,167.97999572753906,171.94000244140625,166.15243530273438,140098800
1041,2019-02-18,171.41000366210938,173.0800018310547,170.7100067138672,172.88999938964844,167.07046508789062,105023500
1042,2019-02-25,174.2100067138672,174.66000366210938,171.75999450683594,174.38999938964844,168.51998901367188,136227200
1043,2019-03-04,175.5399932861328,175.7899932861328,169.33999633789062,171.1699981689453,165.40838623046875,166288600
1044,2019-03-11,171.8800048828125,178.8800048828125,171.85000610351562,178.35000610351562,172.34664916992188,168841500
1045,2019-03-18,177.9499969482422,182.8300018310547,177.58999633789062,178.55999755859375,172.54962158203125,233156400
1046,2019-03-25,177.91000366210938,180.69000244140625,176.60000610351562,179.66000366210938,173.92857360839844,182255000
1047,2019-04-01,181.50999450683594,184.9199981689453,180.77000427246094,184.66000366210938,178.76905822753906,139453700
1048,2019-04-08,184.36000061035156,185.9499969482422,183.6300048828125,185.8300018310547,179.90174865722656,118535600
1049,2019-04-15,185.83999633789062,187.92999267578125,184.6199951171875,187.38999938964844,181.4119873046875,106501200
1050,2019-04-22,186.57000732421875,191.22000122070312,186.42999267578125,190.64999389648438,184.56796264648438,132455700
1051,2019-04-29,190.64999389648438,191.32000732421875,186.8699951171875,191.11000061035156,185.01329040527344,162504900
1052,2019-05-06,187.0500030517578,190.1999969482422,181.02999877929688,185.0,179.0982208251953,248233300
1053,2019-05-13,180.2899932861328,186.07000732421875,178.05999755859375,183.0399932861328,177.20071411132812,235474400
1054,2019-05-20,180.49000549316406,182.3300018310547,177.13999938964844,178.16000366210938,172.47642517089844,165809300
1055,2019-05-27,178.66000366210938,179.66000366210938,173.8699951171875,173.9499969482422,168.4007110595703,142743600
1056,2019-06-03,173.47999572753906,181.77000427246094,169.27000427246094,181.0399932861328,175.26455688476562,233854300
1057,2019-06-10,182.25,185.39999389648438,181.94000244140625,182.63999938964844,176.81350708007812,156963600
1058,2019-06-17,183.0399932861328,189.77000427246094,182.83999633789062,188.57000732421875,182.5543212890625,181132100
1059,2019-06-24,188.52999877929688,188.72000122070312,184.64999389648438,186.74000549316406,180.78268432617188,116780400
1060,2019-07-01,190.32000732421875,191.44000244140625,188.3800048828125,191.0500030517578,185.36412048339844,86269100
1061,2019-07-08,189.80999755859375,193.5399932861328,188.64999389648438,193.52999877929688,187.7703094482422,109114800
1062,2019-07-15,193.97999572753906,194.19000244140625,190.69000244140625,191.00999450683594,185.32533264160156,110827000
1063,2019-07-22,191.44000244140625,195.5500030517578,191.44000244140625,195.2899932861328,189.4779052734375,107030400
1064,2019-07-29,195.11000061035156,195.17999267578125,186.2100067138672,187.35000610351562,181.7742462158203,199249800
1065,2019-08-05,183.42999267578125,188.32000732421875,179.1999969482422,186.49000549316406,180.9398651123047,238954800
1066,2019-08-12,185.33999633789062,189.67999267578125,181.16000366210938,185.47999572753906,179.9599151611328,185351700
1067,2019-08-19,188.16000366210938,189.4600067138672,181.55999755859375,182.07000732421875,176.6514129638672,142431600
1068,2019-08-26,184.13999938964844,188.97000122070312,182.91000366210938,187.47000122070312,181.8906707763672,129082800
1069,2019-09-02,186.22000122070312,192.3300018310547,185.02999877929688,191.58999633789062,185.88807678222656,102976700
1070,2019-09-09,192.19000244140625,194.7100067138672,188.91000366210938,192.5399932861328,186.80975341796875,129575600
1071,2019-09-16,191.3000030517578,194.0399932861328,190.11000061035156,190.8000030517578,185.12158203125,126179200
1072,2019-09-23,190.36000061035156,191.7899932861328,185.75,187.02999877929688,181.46377563476562,165611000
1073,2019-09-30,187.7899932861328,190.58999633789062,181.82000732421875,188.80999755859375,183.56021118164062,178499700
1074,2019-10-07,188.27000427246094,192.6300048828125,185.27000427246094,191.11000061035156,185.79627990722656,139897100
1075,2019-10-14,190.83999633789062,194.5,190.64999389648438,191.69000244140625,186.36012268066406,105412300
1076,2019-10-21,192.7100067138672,195.74000549316406,191.14999389648438,195.63999938964844,190.2003173828125,93527500
1077,2019-10-28,196.5500030517578,198.8800048828125,195.2899932861328,198.8699951171875,193.3404998779297,108086400
1078,2019-11-04,200.19000244140625,201.72000122070312,198.7899932861328,201.22999572753906,195.6348876953125,86881500
1079,2019-11-11,200.2100067138672,202.91000366210938,199.94000244140625,202.91000366210938,197.2681884765625,76073800
1080,2019-11-18,202.58999633789062,203.83999633789062,200.6199951171875,201.8300018310547,196.21820068359375,106991400
1081,2019-11-25,202.6999969482422,206.0500030517578,202.6699981689453,205.10000610351562,199.39730834960938,59351100
1082,2019-12-02,205.11000061035156,205.17999267578125,199.22999572753906,205.0,199.30006408691406,105928800
1083,2019-12-09,204.6300048828125,207.91000366210938,203.44000244140625,207.19000244140625,201.42918395996094,119696100
1084,2019-12-16,208.5500030517578,212.52000427246094,208.47999572753906,211.7100067138672,205.82350158691406,98274500
1085,2019-12-23,212.0,214.55999755859375,211.44000244140625,213.61000061035156,207.67063903808594,66065300
1086,2019-12-30,213.5,216.16000366210938,211.16000366210938,214.17999267578125,208.6762237548828,98474700
1087,2020-01-06,212.5,219.8699951171875,212.24000549316406,218.42999267578125,212.8170623779297,115637400
1088,2020-01-13,219.3300018310547,223.55999755859375,218.97999572753906,223.3800048828125,217.63986206054688,116047300
1089,2020-01-20,222.75999450683594,225.8800048828125,221.6699981689453,222.6999969482422,216.97732543945312,105815300
1090,2020-01-27,217.6699981689453,223.55999755859375,217.17999267578125,219.07000732421875,213.4406280517578,189504700
1091,2020-02-03,220.13999938964844,230.44000244140625,219.99000549316406,229.1999969482422,223.31028747558594,142986600
1092,2020-02-10,228.44000244140625,234.92999267578125,228.3800048828125,234.63999938964844,228.61048889160156,122359900
1093,2020-02-17,233.5,237.47000122070312,229.32000732421875,230.27000427246094,224.35281372070312,155246200
1094,2020-02-24,221.67999267578125,224.25,198.1699981689453,205.8000030517578,200.51162719726562,531799600
1095,2020-03-02,208.8800048828125,219.61000061035156,202.91000366210938,208.02000427246094,202.67457580566406,486507500
1096,2020-03-09,193.47999572753906,204.3000030517578,176.94000244140625,192.33999633789062,187.39747619628906,578894700
1097,2020-03-16,174.14999389648438,184.67999267578125,166.8000030517578,170.6999969482422,166.3135223388672,567348200
1098,2020-03-23,170.9199981689453,192.72000122070312,164.92999267578125,185.3000030517578,180.5384063720703,447009100
1099,2020-03-30,187.05999755859375,195.25,180.86000061035156,183.3699951171875,179.0386962890625,269684500
1100,2020-04-06,190.47999572753906,203.22000122070312,189.19000244140625,200.86000061035156,196.11558532714844,248861000
1101,2020-04-13,200.0,216.50999450683594,198.75,215.2899932861328,210.20472717285156,281370100
1102,2020-04-20,213.36000061035156,215.8800048828125,203.6300048828125,213.83999633789062,208.78900146484375,228781400
1103,2020-04-27,216.19000244140625,220.0399932861328,211.2100067138672,212.74000549316406,207.71499633789062,224185400
1104,2020-05-04,211.4600067138672,225.0,211.1199951171875,224.86000061035156,219.54867553710938,177556400
1105,2020-05-11,223.49000549316406,228.10000610351562,215.99000549316406,223.27000427246094,217.9962615966797,249585900
1106,2020-05-18,226.27999877929688,232.13999938964844,225.47000122070312,229.66000366210938,224.23533630371094,188457700
1107,2020-05-25,233.36000061035156,233.60000610351562,223.94000244140625,233.36000061035156,227.84791564941406,182197000
1108,2020-06-01,232.4600067138672,240.3000030517578,232.0,239.69000244140625,234.0283966064453,182469800
1109,2020-06-08,239.5399932861328,247.82000732421875,231.74000549316406,235.8800048828125,230.30841064453125,271022200
1110,2020-06-15,232.44000244140625,247.0,231.47000122070312,244.24000549316406,238.47093200683594,208947500
1111,2020-06-22,243.67999267578125,251.14999389648438,239.67999267578125,240.22000122070312,234.54586791992188,192633900
1112,2020-06-29,239.97000122070312,254.27000427246094,237.35000610351562,252.19000244140625,246.66134643554688,139932700
1113,2020-07-06,255.4499969482422,264.2300109863281,255.42999267578125,263.9700012207031,258.1830749511719,174791700
1114,2020-07-13,266.9100036621094,269.7900085449219,252.75999450683594,259.4200134277344,253.73284912109375,273594500
1115,2020-07-20,260.0799865722656,268.4100036621094,251.32000732421875,255.55999755859375,249.95742797851562,219137400
1116,2020-07-27,257.260009765625,265.95001220703125,256.45001220703125,265.7900085449219,259.9631652832031,190765800
1117,2020-08-03,268.0,274.9800109863281,267.8699951171875,271.4700012207031,265.5186462402344,151622600
1118,2020-08-10,271.7699890136719,274.8299865722656,264.6300048828125,272.1600036621094,266.193603515625,179661300
1119,2020-08-17,273.92999267578125,282.3399963378906,272.20001220703125,281.8699951171875,275.69073486328125,142804200
1120,2020-08-24,285.25,293.8500061035156,281.2699890136719,292.5299987792969,286.116943359375,191005500
1121,2020-08-31,293.07000732421875,303.5,271.79998779296875,283.5799865722656,277.3631896972656,357416300
1122,2020-09-07,272.2200012207031,282.20001220703125,266.8999938964844,270.45001220703125,264.5210266113281,305883000
1123,2020-09-14,274.3599853515625,280.45001220703125,262.6300048828125,266.8699951171875,261.01953125,290518000
1124,2020-09-21,262.4700012207031,273.0799865722656,260.1099853515625,271.55999755859375,265.606689453125,273008900
1125,2020-09-28,276.5799865722656,282.8800048828125,271.6700134277344,274.30999755859375,268.2964172363281,260386700
1126,2020-10-05,276.3399963378906,285.7900085449219,274.25,285.7099914550781,279.44647216796875,161072900
1127,2020-10-12,290.54998779296875,297.4599914550781,286.5400085449219,288.510009765625,282.1851501464844,263644700
1128,2020-10-19,290.489990234375,291.4800109863281,280.82000732421875,284.739990234375,278.497802734375,155113000
1129,2020-10-26,282.3800048828125,285.29998779296875,267.07000732421875,269.3800048828125,263.47442626953125,231478300
1130,2020-11-02,271.8500061035156,295.3900146484375,266.9700012207031,294.6099853515625,288.1513977050781,252333700
1131,2020-11-09,297.6499938964844,299.1400146484375,280.6199951171875,290.92999267578125,284.5520324707031,250886400
1132,2020-11-16,290.6199951171875,293.739990234375,288.8500061035156,290.3800048828125,284.0141296386719,128707200
1133,2020-11-23,291.4100036621094,300.1700134277344,288.07000732421875,299.010009765625,292.4549865722656,91882300
1134,2020-11-30,299.3399963378906,305.8800048828125,294.7799987792969,305.5199890136719,298.822265625,121138300
1135,2020-12-07,305.7099914550781,308.6000061035156,298.0899963378906,301.8500061035156,295.2326965332031,142311700
1136,2020-12-14,303.0799865722656,311.9800109863281,303.010009765625,310.05999755859375,303.2626647949219,144879600
1137,2020-12-21,306.4599914550781,310.7099914550781,303.6000061035156,309.55999755859375,302.77362060546875,101258100
1138,2020-12-28,312.25,314.69000244140625,310.3599853515625,313.739990234375,307.41827392578125,88119100
1139,2021-01-04,315.1099853515625,319.3900146484375,305.17999267578125,319.0299987792969,312.6015930175781,191789500
1140,2021-01-11,315.9800109863281,317.5299987792969,310.5799865722656,311.8599853515625,305.5760803222656,143530400
1141,2021-01-18,314.25,327.1300048828125,313.1199951171875,325.4200134277344,318.8628845214844,102005100
1142,2021-01-25,328.9100036621094,330.32000732421875,312.760009765625,314.55999755859375,308.2217102050781,217938000
1143,2021-02-01,318.1099853515625,332.3999938964844,316.0199890136719,331.3599853515625,324.6831970214844,139484200
1144,2021-02-08,333.1000061035156,336.6199951171875,329.5,336.45001220703125,329.6706848144531,108521900
1145,2021-02-15,337.2699890136719,338.19000244140625,328.3599853515625,331.0199890136719,324.35003662109375,129835000
1146,2021-02-22,326.5,327.79998779296875,310.8800048828125,314.1400146484375,307.81024169921875,417627500
1147,2021-03-01,319.2699890136719,324.3299865722656,297.45001220703125,308.67999267578125,302.460205078125,444490900
1148,2021-03-08,308.1199951171875,319.8599853515625,299.510009765625,315.4599914550781,309.1036071777344,368399400
1149,2021-03-15,315.7900085449219,324.20001220703125,309.6600036621094,313.1400146484375,306.8302917480469,337304600
1150,2021-03-22,315.2099914550781,321.0899963378906,307.3900146484375,316.0,309.6326599121094,316702500
1151,2021-03-29,315.45001220703125,324.7099914550781,311.5400085449219,324.57000732421875,318.4316711425781,209961800
1152,2021-04-05,327.1300048828125,337.32000732421875,326.8800048828125,337.1099853515625,330.7344970703125,174361800
1153,2021-04-12,336.0400085449219,342.2300109863281,334.7300109863281,342.010009765625,335.5418395996094,175974200
1154,2021-04-19,340.3900146484375,341.5799865722656,333.9700012207031,339.4200134277344,333.0008850097656,191531000
1155,2021-04-26,339.6700134277344,342.79998779296875,336.8999938964844,337.989990234375,331.59783935546875,173587200
1156,2021-05-03,339.2300109863281,340.0,326.2099914550781,334.20001220703125,327.87957763671875,241234800
1157,2021-05-10,332.7799987792969,332.9599914550781,316.0,326.3900146484375,320.21728515625,338076800
1158,2021-05-17,324.6300048828125,330.8599853515625,316.29998779296875,327.010009765625,320.82550048828125,239039100
1159,2021-05-24,329.3699951171875,335.57000732421875,326.8999938964844,333.92999267578125,327.6146240234375,147060100
1160,2021-05-31,335.29998779296875,336.05999755859375,328.2799987792969,335.6000061035156,329.25311279296875,128987600
1161,2021-06-07,335.04998779296875,341.25,334.3399963378906,341.239990234375,334.7864074707031,136304900
1162,2021-06-14,341.67999267578125,346.3800048828125,337.45001220703125,342.6300048828125,336.1501159667969,234328600
1163,2021-06-21,342.42999267578125,351.4599914550781,340.1499938964844,349.4599914550781,342.85089111328125,150387100
1164,2021-06-28,350.7799987792969,358.9700012207031,350.7200012207031,358.6400146484375,352.2654724121094,163297500
1165,2021-07-05,359.260009765625,362.760009765625,354.4200134277344,361.010009765625,354.5934143066406,160182100
1166,2021-07-12,362.45001220703125,365.489990234375,357.239990234375,357.6000061035156,351.2439880371094,201430700
1167,2021-07-19,354.04998779296875,368.489990234375,352.0400085449219,368.20001220703125,361.6555480957031,199061200
1168,2021-07-26,367.489990234375,368.8900146484375,360.1600036621094,364.57000732421875,358.0901184082031,190594500
1169,2021-08-02,366.2799987792969,369.9100036621094,362.0,368.04998779296875,361.5082092285156,147270800
1170,2021-08-09,368.5199890136719,369.55999755859375,364.29998779296875,368.82000732421875,362.26458740234375,140646200
1171,2021-08-16,367.6700134277344,369.0199890136719,359.9599914550781,367.7300109863281,361.1939697265625,206178100
1172,2021-08-23,368.79998779296875,376.55999755859375,368.7900085449219,376.0400085449219,369.3561706542969,132447500
1173,2021-08-30,376.8500061035156,382.7099914550781,376.8299865722656,381.57000732421875,374.78790283203125,135121000
1174,2021-09-06,381.67999267578125,382.7799987792969,376.25,376.5899963378906,369.8964538574219,126567800
1175,2021-09-13,378.989990234375,379.42999267578125,372.760009765625,373.8299865722656,367.1855163574219,220771700
1176,2021-09-20,367.4599914550781,374.0400085449219,360.92999267578125,373.3299865722656,366.6943664550781,245812400
1177,2021-09-27,370.20001220703125,371.25,354.3800048828125,360.17999267578125,354.17034912109375,316876400
1178,2021-10-04,358.5199890136719,365.69000244140625,350.32000732421875,361.1600036621094,355.1340026855469,262038900
1179,2021-10-11,359.5799865722656,369.05999755859375,356.4800109863281,368.94000244140625,362.7841796875,202726900
1180,2021-10-18,367.6099853515625,377.4700012207031,366.989990234375,374.1000061035156,367.8580627441406,156739900
1181,2021-10-25,375.55999755859375,386.2799987792969,373.55999755859375,386.1099853515625,379.6676940917969,200866700
1182,2021-11-01,386.55999755859375,400.989990234375,384.4200134277344,398.6000061035156,391.94927978515625,173298600
1183,2021-11-08,398.57000732421875,399.6199951171875,387.5299987792969,394.70001220703125,388.1143798828125,201658000
1184,2021-11-15,395.9100036621094,405.29998779296875,392.1000061035156,403.989990234375,397.2494201660156,181206300
1185,2021-11-22,405.57000732421875,408.7099914550781,389.7699890136719,391.20001220703125,384.6727600097656,230301800
1186,2021-11-29,395.8900146484375,401.19000244140625,378.8999938964844,383.1300048828125,376.7374267578125,403312000
1187,2021-12-06,383.6300048828125,400.20001220703125,379.29998779296875,398.010009765625,391.369140625,265317600
1188,2021-12-13,398.0,398.4800109863281,381.7699890136719,384.9100036621094,378.48773193359375,362307500
1189,2021-12-20,379.57000732421875,398.42999267578125,377.4700012207031,396.9200134277344,390.2973937988281,180874000
1190,2021-12-27,398.25,404.5799865722656,397.3399963378906,397.8500061035156,391.7114562988281,156785900
1191,2022-01-03,399.04998779296875,402.2799987792969,378.0400085449219,379.8599853515625,373.9990234375,317809500
1192,2022-01-10,374.82000732421875,390.20001220703125,369.30999755859375,380.010009765625,374.1467590332031,372757800
1193,2022-01-17,374.0400085449219,376.2200012207031,351.3999938964844,351.69000244140625,346.26373291015625,389242000
1194,2022-01-24,345.9100036621094,356.8800048828125,334.1499938964844,351.79998779296875,346.3719787597656,673067300
1195,2022-01-31,353.20001220703125,370.1000061035156,351.5199890136719,358.010009765625,352.4861755371094,429239600
1196,2022-02-07,358.6199951171875,366.80999755859375,345.79998779296875,347.05999755859375,341.70513916015625,392723000
1197,2022-02-14,346.489990234375,357.0899963378906,339.1400146484375,341.510009765625,336.24078369140625,336133200
1198,2022-02-21,338.489990234375,345.9800109863281,318.260009765625,345.7699890136719,340.43505859375,381638700
1199,2022-02-28,342.510009765625,350.0400085449219,334.9200134277344,337.29998779296875,332.095703125,363557200
1200,2022-03-07,337.2900085449219,338.4800109863281,319.94000244140625,324.3999938964844,319.3947448730469,406402200
1201,2022-03-14,323.1300048828125,351.7900085449219,317.45001220703125,351.489990234375,346.0667724609375,414772900
1202,2022-03-21,350.20001220703125,360.6700134277344,345.5799865722656,359.3500061035156,353.8055419921875,318900000
1203,2022-03-28,359.3399963378906,371.8299865722656,358.07000732421875,361.8500061035156,356.7073974609375,315203800
1204,2022-04-04,362.7099914550781,369.30999755859375,348.5,349.1499938964844,344.1878356933594,324499500
1205,2022-04-11,344.80999755859375,347.69000244140625,338.0400085449219,338.42999267578125,333.6202392578125,273784800
1206,2022-04-18,337.3500061035156,347.8699951171875,324.9599914550781,325.3999938964844,320.7754211425781,338939400
1207,2022-04-25,323.7300109863281,329.8999938964844,312.6000061035156,313.25,308.7981262207031,510207600
1208,2022-05-02,312.8299865722656,330.2900085449219,305.1099853515625,309.25,304.85498046875,603960900
1209,2022-05-09,303.4800109863281,309.3500061035156,284.94000244140625,301.94000244140625,297.64886474609375,582433800
1210,2022-05-16,300.1499938964844,306.55999755859375,280.2099914550781,288.67999267578125,284.5772705078125,373067700
1211,2022-05-23,289.75,309.25,282.25,309.1000061035156,304.70703125,330731800
1212,2022-05-30,309.07000732421875,314.55999755859375,303.3999938964844,306.20001220703125,301.8482971191406,246516000
1213,2022-06-06,310.75,312.3500061035156,288.3800048828125,288.8399963378906,284.7349853515625,276891400
1214,2022-06-13,279.75,286.8299865722656,269.2799987792969,274.69000244140625,270.7861328125,409804600
1215,2022-06-20,278.75,295.0400085449219,277.9100036621094,294.6099853515625,290.4230041503906,234986700
1216,2022-06-27,296.0,296.5799865722656,275.7799987792969,282.1300048828125,278.6549987792969,309052700
1217,2022-07-04,278.30999755859375,296.75,276.75,295.3500061035156,291.7121276855469,241539600
1218,2022-07-11,292.8800048828125,293.1099853515625,279.79998779296875,291.8699951171875,288.2749938964844,312570300
1219,2022-07-18,294.7200012207031,308.54998779296875,288.20001220703125,301.989990234375,298.2703552246094,294638700
1220,2022-07-25,302.0199890136719,316.3900146484375,293.5400085449219,315.4599914550781,311.57440185546875,272601800
1221,2022-08-01,313.6499938964844,324.7200012207031,311.8399963378906,321.75,317.7869567871094,241638700
1222,2022-08-08,322.69000244140625,330.5899963378906,315.4200134277344,330.3900146484375,326.3205871582031,221928400
1223,2022-08-15,329.4200134277344,334.4200134277344,322.0799865722656,322.8599853515625,318.88330078125,221003500
1224,2022-08-22,318.5,321.510009765625,307.3500061035156,307.44000244140625,303.65325927734375,235799100
1225,2022-08-29,304.6199951171875,307.2200012207031,292.95001220703125,295.1700134277344,291.53436279296875,272207900
1226,2022-09-05,295.6600036621094,307.6000061035156,290.8699951171875,307.0899963378906,303.30755615234375,218040800
1227,2022-09-12,308.5,311.0799865722656,285.6199951171875,289.32000732421875,285.75640869140625,325594900
1228,2022-09-19,286.1000061035156,293.95001220703125,272.0199890136719,275.510009765625,272.1165466308594,324388200
1229,2022-09-26,275.0299987792969,281.25,267.1000061035156,267.260009765625,264.4425048828125,380307300
1230,2022-10-03,269.07000732421875,284.17999267578125,267.5299987792969,269.1000061035156,266.2630920410156,308574700
1231,2022-10-10,269.29998779296875,271.80999755859375,254.25999450683594,260.739990234375,257.9911804199219,367634100
1232,2022-10-17,266.8399963378906,277.2099914550781,266.739990234375,275.4200134277344,272.5164794921875,325976100
1233,2022-10-24,275.69000244140625,284.6000061035156,271.9700012207031,281.2200012207031,278.25537109375,306882100
1234,2022-10-31,278.9200134277344,282.07000732421875,259.0799865722656,264.67999267578125,261.88970947265625,321793100
1235,2022-11-07,265.75,288.6400146484375,263.0299987792969,287.9599914550781,284.92425537109375,341628200
1236,2022-11-14,285.8599853515625,293.260009765625,280.7200012207031,284.82000732421875,281.8174133300781,287186600
1237,2022-11-21,283.3999938964844,289.4599914550781,280.4599914550781,286.9200134277344,283.8952941894531,143845700
1238,2022-11-28,284.8999938964844,295.75,279.1700134277344,292.54998779296875,289.46588134765625,254181700
1239,2022-12-05,290.3800048828125,291.67999267578125,278.7799987792969,282.0400085449219,279.0666809082031,231489400
1240,2022-12-12,282.2200012207031,296.8800048828125,272.6099853515625,274.25,271.3587951660156,310239100
1241,2022-12-19,273.8699951171875,274.7799987792969,262.4599914550781,267.3599853515625,264.5414123535156,241278800
1242,2022-12-26,266.739990234375,267.3999938964844,259.7300109863281,266.2799987792969,264.1036071777344,168899900
1243,2023-01-02,268.6499938964844,270.1499938964844,260.3399963378906,268.79998779296875,266.60302734375,190146600
1244,2023-01-09,270.8299865722656,281.2200012207031,268.9700012207031,280.9700012207031,278.6735534667969,230296400
1245,2023-01-16,280.7699890136719,284.69000244140625,273.8900146484375,282.67999267578125,280.36956787109375,188788200
1246,2023-01-23,283.5400085449219,298.260009765625,281.17999267578125,296.260009765625,293.83856201171875,256585200
1247,2023-01-30,292.92999267578125,313.67999267578125,289.8900146484375,306.17999267578125,303.6775207519531,322914500
1248,2023-02-06,303.510009765625,311.0299987792969,297.25,299.70001220703125,297.2505187988281,264295100
1249,2023-02-13,301.1300048828125,309.2699890136719,298.1000061035156,301.1600036621094,298.69854736328125,264545700
1250,2023-02-20,297.260009765625,298.7300109863281,290.04998779296875,291.8500061035156,289.4646301269531,241542300
1251,2023-02-27,295.07000732421875,299.9200134277344,288.3699951171875,299.67999267578125,297.2306213378906,269602500
1252,2023-03-06,300.94000244140625,304.0,287.3800048828125,288.54998779296875,286.1916198730469,343618700
1253,2023-03-13,286.7300109863281,309.1499938964844,285.19000244140625,305.3599853515625,302.86419677734375,442479400
1254,2023-03-20,304.260009765625,315.25,302.010009765625,310.8900146484375,308.3490295410156,313679600
1255,2023-03-27,311.6000061035156,321.1700134277344,304.7699890136719,320.92999267578125,318.7996826171875,272640500
1256,2023-04-03,318.7699890136719,321.6300048828125,312.82000732421875,318.04998779296875,315.9388122558594,202714400
1257,2023-04-10,315.07000732421875,320.3599853515625,312.57000732421875,318.57000732421875,316.45538330078125,258953700
1258,2023-04-17,318.1499938964844,321.4200134277344,314.1000061035156,316.6099853515625,314.5083923339844,250178400
1259,2023-04-24,316.3800048828125,322.6499938964844,309.8900146484375,322.55999755859375,320.41888427734375,281648100
1260,2023-05-01,322.0899963378906,323.760009765625,315.1199951171875,322.8900146484375,320.7467346191406,259415400
1261,2023-05-08,322.4200134277344,327.1700134277344,321.32000732421875,325.0299987792969,322.87249755859375,221355900
1262,2023-05-15,325.510009765625,338.2099914550781,323.9599914550781,336.510009765625,334.2762756347656,246556800
1263,2023-05-22,336.25,349.25,329.55999755859375,348.3999938964844,346.0873718261719,283993600
1264,2023-05-29,352.7099914550781,355.8299865722656,346.510009765625,354.6499938964844,352.2958984375,241539700
1265,2023-06-05,354.42999267578125,357.6600036621094,348.17999267578125,354.5,352.1468811035156,258192300
1266,2023-06-12,356.19000244140625,372.8500061035156,355.20001220703125,367.92999267578125,365.4877624511719,323244600
1267,2023-06-19,365.95001220703125,368.32000732421875,360.2200012207031,362.5400085449219,360.133544921875,199059900
1268,2023-06-26,362.0,370.489990234375,357.5899963378906,369.4200134277344,367.47125244140625,253431400
1269,2023-07-03,370.07000732421875,372.010009765625,364.5199890136719,366.239990234375,364.3079833984375,150351700
1270,2023-07-10,365.9599914550781,382.8599853515625,363.4100036621094,379.07000732421875,377.0703125,250746100
1271,2023-07-17,379.79998779296875,387.9800109863281,375.19000244140625,375.6300048828125,373.6484680175781,282686400
1272,2023-07-24,376.6199951171875,384.7099914550781,374.3399963378906,383.4800109863281,381.4570617675781,247193300
1273,2023-07-31,383.7900085449219,384.8800048828125,371.5299987792969,372.0400085449219,370.0774230957031,267080200
1274,2023-08-07,373.8800048828125,375.2900085449219,364.69000244140625,366.239990234375,364.3079833984375,253826900
1275,2023-08-14,365.42999267578125,370.4700012207031,354.7099914550781,358.1300048828125,356.2408142089844,264585000
1276,2023-08-21,359.6199951171875,372.739990234375,358.5799865722656,364.0199890136719,362.09967041015625,283883600
1277,2023-08-28,366.989990234375,380.8299865722656,364.25,377.5899963378906,375.5981140136719,216637000
1278,2023-09-04,376.7699890136719,379.30999755859375,369.1499938964844,372.5799865722656,370.61456298828125,163203700
1279,2023-09-11,375.6600036621094,378.2699890136719,369.8599853515625,370.80999755859375,368.8538818359375,245425400
1280,2023-09-18,369.32000732421875,371.7900085449219,357.5899963378906,357.9100036621094,356.02191162109375,241213800
1281,2023-09-25,356.92999267578125,362.95001220703125,351.3599853515625,358.2699890136719,356.8959045410156,270099300
1282,2023-10-02,358.5400085449219,365.9100036621094,353.2799987792969,364.70001220703125,363.30126953125,287746900
1283,2023-10-09,362.29998779296875,373.739990234375,360.7799987792969,365.2799987792969,363.8790283203125,232546500
1284,2023-10-16,366.6199951171875,370.4800109863281,354.3699951171875,354.6000061035156,353.239990234375,294124700
1285,2023-10-23,353.260009765625,359.9100036621094,342.3500061035156,345.30999755859375,343.9856262207031,321035900
1286,2023-10-30,347.8299865722656,369.0199890136719,346.45001220703125,367.7099914550781,366.2997131347656,273364600
1287,2023-11-06,368.489990234375,378.5400085449219,366.9100036621094,378.3900146484375,376.93878173828125,237458700
1288,2023-11-13,376.7900085449219,387.75,375.239990234375,386.0400085449219,384.5594177246094,254582900
1289,2023-11-20,386.04998779296875,393.07000732421875,386.04998779296875,389.510009765625,388.01611328125,147606400
1290,2023-11-27,389.010009765625,394.1400146484375,385.82000732421875,389.94000244140625,388.4444885253906,201717400
1291,2023-12-04,386.0899963378906,392.6199951171875,382.6600036621094,392.1700134277344,390.6659240722656,232331100
1292,2023-12-11,391.739990234375,406.5400085449219,391.5299987792969,405.3399963378906,403.785400390625,253873100
1293,2023-12-18,404.92999267578125,410.4700012207031,402.8999938964844,408.3800048828125,406.8137512207031,216225600
1294,2023-12-25,409.25,412.9200134277344,407.5799865722656,409.5199890136719,408.7641906738281,124365600
1295,2024-01-01,405.8399963378906,406.0899963378906,395.3399963378906,396.75,396.22607421875,189330400
1296,2024-01-08,397.989990234375,411.25,397.8399963378906,409.55999755859375,409.0191650390625,209687100
1297,2024-01-15,408.30999755859375,421.3399963378906,402.9200134277344,421.17999267578125,420.6238098144531,228120000
1298,2024-01-22,423.4100036621094,429.8500061035156,420.57000732421875,423.80999755859375,423.2503356933594,206336600
1299,2024-01-29,424.2699890136719,430.239990234375,416.7900085449219,429.010009765625,428.4434814453125,250035200
1300,2024-02-05,429.07000732421875,437.8500061035156,425.0,437.04998779296875,436.47283935546875,180281800
1301,2024-02-12,436.94000244140625,439.1400146484375,425.3299865722656,430.57000732421875,430.0014343261719,235245300
1302,2024-02-19,428.54998779296875,440.5899963378906,421.6300048828125,436.7799987792969,436.2032165527344,197920900
1303,2024-02-26,437.6000061035156,446.5799865722656,434.29998779296875,445.6099853515625,445.02154541015625,185999600
1304,2024-03-04,445.6099853515625,448.6400146484375,433.6499938964844,439.0199890136719,438.44024658203125,254958300
1305,2024-03-11,437.510009765625,444.0199890136719,432.739990234375,433.9200134277344,433.3470153808594,264323600
1306,2024-03-18,438.7300109863281,449.3399963378906,433.3299865722656,446.3800048828125,445.79052734375,201556400
1307,2024-03-25,443.54998779296875,447.2300109863281,441.92999267578125,444.010009765625,444.010009765625,140130000
1308,2024-04-01,444.9700012207031,447.5299987792969,435.1099853515625,440.4700012207031,440.4700012207031,234929200
1309,2024-04-08,441.4100036621094,446.3299865722656,436.2799987792969,438.2699890136719,438.2699890136719,228245900
1310,2024-04-15,442.05999755859375,442.1499938964844,413.07000732421875,414.6499938964844,414.6499938964844,289639100
1311,2024-04-22,417.30999755859375,432.54998779296875,413.94000244140625,431.0,431.0,239899800
1312,2024-04-29,433.1300048828125,436.4800109863281,420.6300048828125,435.4800109863281,435.4800109863281,211014100
1313,2024-05-06,437.29998779296875,444.30999755859375,436.5199890136719,442.05999755859375,442.05999755859375,137816700
1314,2024-05-13,443.989990234375,454.69000244140625,441.6499938964844,451.760009765625,451.760009765625,169492100
1315,2024-05-20,451.989990234375,454.7099914550781,451.7850036621094,454.3299865722656,454.3299865722656,6506784
